state,county,stname,ctyname,year,popestimate,popest_male,popest_fem,under5_tot,under5_male,under5_fem,age513_tot,age513_male,age513_fem,age1417_tot,age1417_male,age1417_fem,age1824_tot,age1824_male,age1824_fem,age2544_tot,age2544_male,age2544_fem,age4564_tot,age4564_male,age4564_fem,age65plus_tot,age65plus_male,age65plus_fem,median_age_tot,median_age_male,median_age_fem
16,1,Idaho,Ada County,2010c,392365,196501,195864,28357,14450,13907,53137,26989,26148,22212,11607,10605,35776,18087,17689,113438,58303,55135,98397,48979,49418,41048,18086,22962,34.799999,34.099998,35.599998
16,1,Idaho,Ada County,2010b,392372,196504,195868,28357,14450,13907,53141,26991,26150,22214,11608,10606,35776,18087,17689,113438,58303,55135,98398,48979,49419,41048,18086,22962,34.799999,34.099998,35.599998
16,1,Idaho,Ada County,2010,393354,196966,196388,28193,14389,13804,53226,27031,26195,22282,11608,10674,35679,18041,17638,113492,58333,55159,98945,49236,49709,41537,18328,23209,34.900002,34.200001,35.700001
16,1,Idaho,Ada County,2011,401262,200983,200279,27765,14175,13590,54234,27626,26608,22576,11628,10948,36171,18325,17846,115483,59427,56056,101577,50456,51121,43456,19346,24110,35.200001,34.400002,36
16,1,Idaho,Ada County,2012,408862,204716,204146,27242,13883,13359,55107,28044,27063,22985,11779,11206,36658,18645,18013,117440,60399,57041,102793,50990,51803,46637,20976,25661,35.400002,34.700001,36.200001
16,1,Idaho,Ada County,2013,415951,208286,207665,26724,13593,13131,55484,28304,27180,23505,12044,11461,36873,18845,18028,119017,61109,57908,104422,51702,52720,49926,22689,27237,35.799999,35,36.599998
16,1,Idaho,Ada County,2014,425471,213158,212313,26446,13470,12976,56103,28596,27507,24346,12444,11902,37311,19353,17958,121398,62324,59074,106788,52768,54020,53079,24203,28876,36,35.200001,36.900002
16,1,Idaho,Ada County,2015,432862,216722,216140,26137,13327,12810,56306,28632,27674,25238,12972,12266,37200,19416,17784,122962,62890,60072,108998,53868,55130,56021,25617,30404,36.400002,35.599998,37.200001
16,1,Idaho,Ada County,2016,444486,222437,222049,26539,13499,13040,56536,28749,27787,25694,13114,12580,38478,20086,18392,125864,64332,61532,111732,55349,56383,59643,27308,32335,36.599998,35.900002,37.400002
16,1,Idaho,Ada County,2017,456548,228516,228032,27001,13765,13236,56837,28887,27950,26098,13303,12795,39388,20657,18731,129442,66051,63391,114300,56791,57509,63482,29062,34420,37,36.200001,37.799999
16,1,Idaho,Ada County,2018,468764,234701,234063,27071,13809,13262,57169,29031,28138,26622,13561,13061,40414,21187,19227,133476,68196,65280,116399,57878,58521,67613,31039,36574,37.299999,36.5,38.099998
16,1,Idaho,Ada County,2019,481587,241132,240455,27131,13816,13315,57510,29348,28162,27089,13837,13252,41208,21615,19593,137454,70118,67336,119237,59302,59935,71958,33096,38862,37.700001,36.799999,38.5
16,3,Idaho,Adams County,2010c,3976,2041,1935,189,90,99,368,181,187,206,104,102,206,111,95,707,356,351,1472,749,723,828,450,378,50,51.099998,49.299999
16,3,Idaho,Adams County,2010b,3978,2042,1936,189,90,99,368,181,187,206,104,102,206,111,95,707,356,351,1474,750,724,828,450,378,50,51.200001,49.400002
16,3,Idaho,Adams County,2010,3962,2034,1928,187,91,96,366,176,190,197,100,97,210,114,96,697,352,345,1468,745,723,837,456,381,50.299999,51.400002,49.599998
16,3,Idaho,Adams County,2011,3981,2046,1935,183,97,86,377,175,202,186,99,87,239,126,113,690,347,343,1440,723,717,866,479,387,50.799999,51.799999,50.099998
16,3,Idaho,Adams County,2012,3908,2006,1902,171,88,83,343,162,181,183,96,87,220,117,103,686,349,337,1388,692,696,917,502,415,52,53.099998,51.299999
16,3,Idaho,Adams County,2013,3863,1975,1888,169,92,77,330,154,176,170,91,79,218,120,98,659,328,331,1359,670,689,958,520,438,53,54,52.400002
16,3,Idaho,Adams County,2014,3883,2005,1878,160,94,66,332,157,175,159,79,80,217,117,100,659,329,330,1359,679,680,997,550,447,53.799999,54.599998,53.299999
16,3,Idaho,Adams County,2015,3891,2007,1884,169,98,71,360,173,187,137,64,73,205,118,87,668,335,333,1300,641,659,1052,578,474,54.299999,54.900002,53.799999
16,3,Idaho,Adams County,2016,3941,2037,1904,163,88,75,360,184,176,143,64,79,196,103,93,677,342,335,1305,648,657,1097,608,489,54.799999,55.200001,54.299999
16,3,Idaho,Adams County,2017,4127,2125,2002,179,90,89,397,205,192,174,83,91,197,109,88,707,352,355,1327,661,666,1146,625,521,54.400002,54.799999,54.099998
16,3,Idaho,Adams County,2018,4234,2201,2033,169,84,85,407,236,171,180,93,87,194,101,93,742,383,359,1331,654,677,1211,650,561,54.799999,54.5,55.200001
16,3,Idaho,Adams County,2019,4294,2207,2087,169,78,91,382,216,166,194,99,95,187,96,91,745,382,363,1333,650,683,1284,686,598,55.5,55.299999,55.900002
16,5,Idaho,Bannock County,2010c,82839,41298,41541,6971,3620,3351,11274,5839,5435,4469,2266,2203,10085,5032,5053,21814,11022,10792,18983,9347,9636,9243,4172,5071,31.4,30.6,32.200001
16,5,Idaho,Bannock County,2010b,82842,41300,41542,6971,3620,3351,11275,5840,5435,4469,2266,2203,10085,5032,5053,21815,11022,10793,18984,9348,9636,9243,4172,5071,31.4,30.6,32.200001
16,5,Idaho,Bannock County,2010,83020,41401,41619,6939,3610,3329,11314,5846,5468,4506,2296,2210,9958,4962,4996,21944,11103,10841,19061,9376,9685,9298,4208,5090,31.5,30.700001,32.400002
16,5,Idaho,Bannock County,2011,83641,41618,42023,6764,3459,3305,11528,5930,5598,4641,2401,2240,9675,4763,4912,22319,11332,10987,19255,9426,9829,9459,4307,5152,31.799999,31.1,32.599998
16,5,Idaho,Bannock County,2012,83755,41754,42001,6581,3373,3208,11525,5939,5586,4674,2405,2269,9584,4721,4863,22459,11464,10995,19103,9357,9746,9829,4495,5334,32.099998,31.299999,32.900002
16,5,Idaho,Bannock County,2013,83455,41571,41884,6390,3256,3134,11410,5872,5538,4729,2441,2288,9187,4542,4645,22582,11492,11090,18947,9301,9646,10210,4667,5543,32.599998,31.799999,33.400002
16,5,Idaho,Bannock County,2014,83536,41611,41925,6345,3190,3155,11326,5843,5483,4813,2523,2290,8949,4497,4452,22795,11529,11266,18732,9166,9566,10576,4863,5713,32.799999,32,33.799999
16,5,Idaho,Bannock County,2015,84184,41946,42238,6399,3254,3145,11258,5771,5487,4914,2525,2389,8793,4540,4253,23137,11653,11484,18740,9137,9603,10943,5066,5877,33.099998,32.099998,34.099998
16,5,Idaho,Bannock County,2016,84676,42136,42540,6201,3157,3044,11326,5765,5561,4980,2536,2444,8638,4505,4133,23316,11728,11588,18846,9180,9666,11369,5265,6104,33.599998,32.599998,34.5
16,5,Idaho,Bannock County,2017,85482,42531,42951,6188,3094,3094,11329,5775,5554,5045,2582,2463,8586,4468,4118,23670,11939,11731,18819,9151,9668,11845,5522,6323,33.900002,33,34.799999
16,5,Idaho,Bannock County,2018,86674,43034,43640,6131,3045,3086,11403,5821,5582,5087,2588,2499,8888,4625,4263,23995,12050,11945,18849,9141,9708,12321,5764,6557,34.099998,33.400002,35
16,5,Idaho,Bannock County,2019,87808,43650,44158,6102,3069,3033,11431,5838,5593,5171,2633,2538,9034,4686,4348,24312,12207,12105,18864,9155,9709,12894,6062,6832,34.5,33.700001,35.400002
16,7,Idaho,Bear Lake County,2010c,5986,2972,3014,410,203,207,857,427,430,369,181,188,377,181,196,1237,633,604,1632,822,810,1104,525,579,40.5,40,41
16,7,Idaho,Bear Lake County,2010b,5986,2972,3014,410,203,207,857,427,430,369,181,188,377,181,196,1237,633,604,1632,822,810,1104,525,579,40.5,40,41
16,7,Idaho,Bear Lake County,2010,5969,2963,3006,421,212,209,851,427,424,372,180,192,376,181,195,1232,630,602,1617,809,808,1100,524,576,40.299999,39.799999,41
16,7,Idaho,Bear Lake County,2011,5956,2960,2996,407,206,201,839,432,407,399,193,206,389,185,204,1229,629,600,1593,791,802,1100,524,576,40.200001,39.299999,41
16,7,Idaho,Bear Lake County,2012,5892,2928,2964,399,209,190,826,411,415,393,195,198,407,202,205,1221,625,596,1508,744,764,1138,542,596,39.900002,39.099998,40.799999
16,7,Idaho,Bear Lake County,2013,5948,2956,2992,426,213,213,826,414,412,404,193,211,420,217,203,1239,633,606,1492,737,755,1141,549,592,39,38.599998,39.5
16,7,Idaho,Bear Lake County,2014,5926,2941,2985,430,217,213,813,395,418,394,196,198,430,225,205,1255,630,625,1455,723,732,1149,555,594,39.099998,38.700001,39.400002
16,7,Idaho,Bear Lake County,2015,5879,2906,2973,412,203,209,814,404,410,380,183,197,423,220,203,1244,622,622,1434,707,727,1172,567,605,39.400002,38.700001,40
16,7,Idaho,Bear Lake County,2016,5927,2944,2983,411,218,193,810,385,425,378,190,188,435,223,212,1298,660,638,1388,686,702,1207,582,625,39.099998,38.200001,40
16,7,Idaho,Bear Lake County,2017,6023,2986,3037,419,219,200,816,398,418,401,210,191,422,207,215,1343,679,664,1387,683,704,1235,590,645,39.299999,38.299999,40.200001
16,7,Idaho,Bear Lake County,2018,6044,3009,3035,404,215,189,826,396,430,385,197,188,429,214,215,1314,668,646,1431,718,713,1255,601,654,39.900002,39,40.799999
16,7,Idaho,Bear Lake County,2019,6125,3069,3056,420,236,184,838,407,431,389,200,189,419,207,212,1355,691,664,1439,721,718,1265,607,658,39.700001,38.799999,40.900002
16,9,Idaho,Benewah County,2010c,9285,4732,4553,602,313,289,1055,546,509,544,299,245,617,332,285,1856,907,949,2912,1466,1446,1699,869,830,44.799999,44.5,45
16,9,Idaho,Benewah County,2010b,9283,4731,4552,602,313,289,1055,546,509,544,299,245,617,332,285,1856,907,949,2912,1466,1446,1697,868,829,44.799999,44.5,45
16,9,Idaho,Benewah County,2010,9290,4727,4563,602,311,291,1058,547,511,537,291,246,622,336,286,1842,902,940,2913,1463,1450,1716,877,839,44.900002,44.599998,45.099998
16,9,Idaho,Benewah County,2011,9173,4660,4513,566,296,270,1050,534,516,521,284,237,637,341,296,1782,872,910,2887,1440,1447,1730,893,837,45.299999,45.099998,45.5
16,9,Idaho,Benewah County,2012,9126,4622,4504,553,267,286,1028,518,510,497,281,216,640,342,298,1765,861,904,2839,1428,1411,1804,925,879,45.799999,45.700001,45.900002
16,9,Idaho,Benewah County,2013,9030,4560,4470,541,246,295,991,507,484,471,259,212,637,335,302,1734,856,878,2783,1408,1375,1873,949,924,46.299999,46.400002,46.200001
16,9,Idaho,Benewah County,2014,9032,4589,4443,556,265,291,1004,518,486,438,233,205,641,341,300,1750,882,868,2749,1379,1370,1894,971,923,46.299999,46.299999,46.299999
16,9,Idaho,Benewah County,2015,8996,4573,4423,564,280,284,998,526,472,446,228,218,589,324,265,1775,870,905,2703,1366,1337,1921,979,942,46.299999,46,46.599998
16,9,Idaho,Benewah County,2016,9021,4565,4456,554,272,282,1042,542,500,461,224,237,542,301,241,1786,884,902,2665,1342,1323,1971,1000,971,46.299999,46.200001,46.299999
16,9,Idaho,Benewah County,2017,9157,4668,4489,530,277,253,1099,580,519,469,232,237,576,311,265,1814,901,913,2673,1350,1323,1996,1017,979,45.900002,45.599998,46.200001
16,9,Idaho,Benewah County,2018,9218,4722,4496,520,281,239,1088,563,525,477,246,231,586,315,271,1834,933,901,2649,1315,1334,2064,1069,995,46.200001,45.599998,46.700001
16,9,Idaho,Benewah County,2019,9298,4775,4523,503,264,239,1078,565,513,472,255,217,605,324,281,1849,948,901,2673,1321,1352,2118,1098,1020,46.400002,45.599998,47.099998
16,11,Idaho,Bingham County,2010c,45607,22885,22722,4403,2263,2140,7469,3871,3598,3176,1622,1554,3827,1979,1848,10924,5392,5532,10594,5322,5272,5214,2436,2778,31.799999,31,32.599998
16,11,Idaho,Bingham County,2010b,45605,22884,22721,4403,2263,2140,7469,3871,3598,3176,1622,1554,3827,1979,1848,10924,5392,5532,10592,5321,5271,5214,2436,2778,31.799999,31,32.5
16,11,Idaho,Bingham County,2010,45765,22978,22787,4416,2277,2139,7521,3899,3622,3161,1614,1547,3853,1995,1858,10967,5410,5557,10600,5328,5272,5247,2455,2792,31.700001,31,32.5
16,11,Idaho,Bingham County,2011,45893,23032,22861,4271,2218,2053,7615,3911,3704,3114,1615,1499,3926,2014,1912,11029,5446,5583,10594,5321,5273,5344,2507,2837,31.9,31.1,32.599998
16,11,Idaho,Bingham County,2012,45510,22837,22673,4037,2083,1954,7557,3875,3682,3115,1629,1486,3864,1996,1868,10848,5363,5485,10566,5291,5275,5523,2600,2923,32.400002,31.799999,33.099998
16,11,Idaho,Bingham County,2013,45423,22813,22610,3903,1990,1913,7507,3872,3635,3078,1614,1464,3923,2028,1895,10834,5375,5459,10462,5221,5241,5716,2713,3003,32.799999,32.200001,33.400002
16,11,Idaho,Bingham County,2014,45214,22706,22508,3708,1912,1796,7530,3889,3641,3094,1609,1485,3921,2036,1885,10681,5278,5403,10419,5177,5242,5861,2805,3056,33.200001,32.5,33.799999
16,11,Idaho,Bingham County,2015,45057,22591,22466,3625,1847,1778,7399,3781,3618,3146,1646,1500,3874,2010,1864,10665,5283,5382,10375,5158,5217,5973,2866,3107,33.400002,32.900002,33.900002
16,11,Idaho,Bingham County,2016,45315,22674,22641,3614,1805,1809,7370,3748,3622,3197,1674,1523,3923,2050,1873,10771,5325,5446,10337,5145,5192,6103,2927,3176,33.5,33,33.900002
16,11,Idaho,Bingham County,2017,45884,22908,22976,3607,1784,1823,7444,3760,3684,3203,1656,1547,3927,2077,1850,11128,5522,5606,10304,5112,5192,6271,2997,3274,33.700001,33.200001,34.099998
16,11,Idaho,Bingham County,2018,46129,23017,23112,3407,1684,1723,7535,3807,3728,3237,1671,1566,3894,2047,1847,11324,5590,5734,10205,5099,5106,6527,3119,3408,34,33.599998,34.400002
16,11,Idaho,Bingham County,2019,46811,23314,23497,3355,1664,1691,7537,3815,3722,3330,1671,1659,4023,2142,1881,11542,5704,5838,10236,5080,5156,6788,3238,3550,34.200001,33.700001,34.599998
16,13,Idaho,Blaine County,2010c,21376,10886,10490,1414,719,695,2675,1364,1311,1114,571,543,1261,675,586,5622,2899,2723,6814,3357,3457,2476,1301,1175,40.400002,40,40.799999
16,13,Idaho,Blaine County,2010b,21377,10886,10491,1414,719,695,2675,1364,1311,1114,571,543,1261,675,586,5622,2899,2723,6814,3357,3457,2477,1301,1176,40.400002,40,40.799999
16,13,Idaho,Blaine County,2010,21295,10833,10462,1390,710,680,2669,1358,1311,1107,563,544,1266,675,591,5559,2866,2693,6791,3344,3447,2513,1317,1196,40.599998,40.200001,41
16,13,Idaho,Blaine County,2011,21083,10731,10352,1293,667,626,2670,1384,1286,1092,540,552,1303,692,611,5384,2778,2606,6664,3287,3377,2677,1383,1294,41.099998,40.700001,41.5
16,13,Idaho,Blaine County,2012,21127,10753,10374,1238,628,610,2709,1413,1296,1042,516,526,1320,700,620,5323,2761,2562,6540,3215,3325,2955,1520,1435,41.5,41.099998,42
16,13,Idaho,Blaine County,2013,21325,10863,10462,1225,643,582,2731,1403,1328,1058,537,521,1375,733,642,5221,2705,2516,6540,3213,3327,3175,1629,1546,42,41.099998,42.599998
16,13,Idaho,Blaine County,2014,21455,10871,10584,1183,600,583,2697,1385,1312,1113,553,560,1420,743,677,5181,2671,2510,6468,3196,3272,3393,1723,1670,42.200001,41.5,42.799999
16,13,Idaho,Blaine County,2015,21636,10979,10657,1195,615,580,2685,1392,1293,1180,584,596,1442,757,685,5095,2642,2453,6412,3180,3232,3627,1809,1818,42.299999,41.299999,43.200001
16,13,Idaho,Blaine County,2016,22062,11145,10917,1206,597,609,2621,1389,1232,1240,614,626,1521,802,719,5114,2647,2467,6470,3153,3317,3890,1943,1947,42.5,41.400002,43.599998
16,13,Idaho,Blaine County,2017,22373,11285,11088,1157,575,582,2580,1375,1205,1275,629,646,1539,820,719,5198,2683,2515,6484,3149,3335,4140,2054,2086,43.099998,41.799999,44.099998
16,13,Idaho,Blaine County,2018,22771,11445,11326,1121,544,577,2575,1371,1204,1304,661,643,1565,815,750,5278,2730,2548,6498,3127,3371,4430,2197,2233,43.5,42.200001,44.700001
16,13,Idaho,Blaine County,2019,23021,11566,11455,1099,542,557,2463,1288,1175,1296,690,606,1603,818,785,5311,2760,2551,6566,3142,3424,4683,2326,2357,44.200001,42.900002,45.299999
16,15,Idaho,Boise County,2010c,7028,3671,3357,310,173,137,811,414,397,388,193,195,351,200,151,1300,669,631,2750,1394,1356,1118,628,490,48.400002,48.599998,48.099998
16,15,Idaho,Boise County,2010b,7027,3671,3356,310,173,137,811,414,397,388,193,195,351,200,151,1300,669,631,2749,1394,1355,1118,628,490,48.400002,48.599998,48.099998
16,15,Idaho,Boise County,2010,7005,3655,3350,301,170,131,798,409,389,384,189,195,359,205,154,1290,665,625,2741,1382,1359,1132,635,497,48.599998,48.700001,48.400002
16,15,Idaho,Boise County,2011,6986,3611,3375,272,147,125,780,400,380,387,182,205,358,191,167,1271,655,616,2717,1362,1355,1201,674,527,49.200001,49.700001,48.700001
16,15,Idaho,Boise County,2012,6790,3501,3289,228,128,100,718,369,349,408,206,202,358,180,178,1177,595,582,2597,1288,1309,1304,735,569,50.200001,50.700001,49.599998
16,15,Idaho,Boise County,2013,6720,3456,3264,211,123,88,669,346,323,412,210,202,348,165,183,1133,565,568,2556,1269,1287,1391,778,613,51.299999,51.799999,50.700001
16,15,Idaho,Boise County,2014,6779,3507,3272,220,119,101,646,343,303,391,206,185,360,168,192,1147,578,569,2553,1275,1278,1462,818,644,51.799999,52.400002,51.200001
16,15,Idaho,Boise County,2015,6963,3587,3376,222,125,97,631,347,284,399,206,193,368,176,192,1163,562,601,2578,1282,1296,1602,889,713,52.5,53.099998,51.799999
16,15,Idaho,Boise County,2016,7095,3691,3404,241,139,102,617,342,275,366,184,182,390,210,180,1217,589,628,2550,1266,1284,1714,961,753,52.900002,53.299999,52.5
16,15,Idaho,Boise County,2017,7347,3807,3540,274,150,124,629,332,297,377,210,167,378,191,187,1298,626,672,2593,1295,1298,1798,1003,795,52.900002,53.700001,52.200001
16,15,Idaho,Boise County,2018,7655,3979,3676,276,153,123,623,350,273,392,210,182,387,194,193,1392,670,722,2654,1329,1325,1931,1073,858,52.900002,53.599998,52.400002
16,15,Idaho,Boise County,2019,7831,4076,3755,279,148,131,615,336,279,386,208,178,395,207,188,1419,694,725,2679,1332,1347,2058,1151,907,53.299999,54.099998,52.700001
16,17,Idaho,Bonner County,2010c,40877,20592,20285,2142,1106,1036,4516,2335,2181,2192,1108,1084,2537,1332,1205,8612,4366,4246,13869,6868,7001,7009,3477,3532,45.799999,45.200001,46.299999
16,17,Idaho,Bonner County,2010b,40877,20592,20285,2142,1106,1036,4516,2335,2181,2192,1108,1084,2537,1332,1205,8612,4366,4246,13869,6868,7001,7009,3477,3532,45.799999,45.200001,46.299999
16,17,Idaho,Bonner County,2010,40902,20597,20305,2134,1114,1020,4518,2331,2187,2188,1103,1085,2547,1328,1219,8598,4353,4245,13851,6864,6987,7066,3504,3562,45.900002,45.299999,46.400002
16,17,Idaho,Bonner County,2011,40782,20479,20303,2066,1072,994,4423,2251,2172,2164,1083,1081,2515,1307,1208,8524,4296,4228,13740,6797,6943,7350,3673,3677,46.5,46,46.900002
16,17,Idaho,Bonner County,2012,40347,20243,20104,2014,1038,976,4292,2214,2078,2115,1063,1052,2542,1311,1231,8185,4083,4102,13461,6645,6816,7738,3889,3849,47.200001,46.700001,47.599998
16,17,Idaho,Bonner County,2013,40525,20255,20270,1962,967,995,4228,2202,2026,2142,1062,1080,2577,1332,1245,8197,4084,4113,13214,6486,6728,8205,4122,4083,47.5,47.099998,48
16,17,Idaho,Bonner County,2014,41289,20635,20654,2042,1018,1024,4324,2217,2107,2087,1059,1028,2668,1398,1270,8409,4153,4256,13036,6391,6645,8723,4399,4324,47.5,47.099998,47.799999
16,17,Idaho,Bonner County,2015,41600,20779,20821,2055,1013,1042,4207,2174,2033,2122,1036,1086,2632,1379,1253,8386,4169,4217,12988,6344,6644,9210,4664,4546,47.900002,47.700001,48.200001
16,17,Idaho,Bonner County,2016,42357,21098,21259,2114,1007,1107,4193,2173,2020,2136,1045,1091,2617,1361,1256,8565,4220,4345,12976,6355,6621,9756,4937,4819,48.099998,48,48.299999
16,17,Idaho,Bonner County,2017,43654,21756,21898,2234,1048,1186,4304,2250,2054,2200,1064,1136,2642,1383,1259,8880,4396,4484,13084,6386,6698,10310,5229,5081,48.099998,47.900002,48.299999
16,17,Idaho,Bonner County,2018,44705,22260,22445,2246,1071,1175,4402,2242,2160,2184,1079,1105,2682,1380,1302,9178,4592,4586,13055,6331,6724,10958,5565,5393,48.299999,48,48.5
16,17,Idaho,Bonner County,2019,45739,22846,22893,2287,1107,1180,4510,2287,2223,2216,1147,1069,2680,1349,1331,9405,4740,4665,13027,6341,6686,11614,5875,5739,48.5,48.299999,48.799999
16,19,Idaho,Bonneville County,2010c,104234,51996,52238,9975,5169,4806,16309,8373,7936,6510,3347,3163,8836,4366,4470,27271,13724,13547,23990,11995,11995,11343,5022,6321,31.700001,31,32.400002
16,19,Idaho,Bonneville County,2010b,104294,52015,52279,9975,5169,4806,16306,8370,7936,6509,3347,3162,8836,4366,4470,27269,13723,13546,23995,11999,11996,11404,5041,6363,31.700001,31,32.5
16,19,Idaho,Bonneville County,2010,104675,52230,52445,10011,5179,4832,16390,8429,7961,6525,3343,3182,8862,4394,4468,27339,13773,13566,24054,12026,12028,11494,5086,6408,31.700001,31,32.5
16,19,Idaho,Bonneville County,2011,105813,52703,53110,10016,5078,4938,16649,8558,8091,6546,3318,3228,8954,4444,4510,27570,13931,13639,24299,12132,12167,11779,5242,6537,31.9,31.299999,32.5
16,19,Idaho,Bonneville County,2012,106764,53107,53657,9813,4998,4815,17103,8709,8394,6567,3383,3184,9083,4480,4603,27849,14006,13843,24188,12039,12149,12161,5492,6669,32,31.5,32.599998
16,19,Idaho,Bonneville County,2013,107369,53324,54045,9663,4826,4837,17403,8878,8525,6670,3466,3204,9162,4522,4640,27994,14005,13989,23868,11918,11950,12609,5709,6900,32.099998,31.700001,32.599998
16,19,Idaho,Bonneville County,2014,108236,53745,54491,9422,4693,4729,17583,8961,8622,6947,3582,3365,9110,4570,4540,28316,14116,14200,23775,11856,11919,13083,5967,7116,32.400002,31.9,32.900002
16,19,Idaho,Bonneville County,2015,109849,54620,55229,9471,4709,4762,17760,9112,8648,7153,3716,3437,9214,4640,4574,28788,14336,14452,23857,11888,11969,13606,6219,7387,32.599998,32.099998,33.200001
16,19,Idaho,Bonneville County,2016,112118,55827,56291,9636,4879,4757,17958,9151,8807,7337,3725,3612,9451,4810,4641,29455,14690,14765,24046,12018,12028,14235,6554,7681,32.700001,32.200001,33.200001
16,19,Idaho,Bonneville County,2017,114488,57061,57427,9682,4942,4740,18241,9320,8921,7533,3777,3756,9597,4908,4689,30347,15159,15188,24247,12098,12149,14841,6857,7984,32.799999,32.400002,33.299999
16,19,Idaho,Bonneville County,2018,116444,58165,58279,9731,5065,4666,18302,9322,8980,7664,3859,3805,9798,5029,4769,31101,15567,15534,24383,12176,12207,15465,7147,8318,33,32.400002,33.599998
16,19,Idaho,Bonneville County,2019,119062,59452,59610,9937,5123,4814,18413,9358,9055,7767,3941,3826,10060,5125,4935,32156,16173,15983,24617,12305,12312,16112,7427,8685,33,32.400002,33.599998
16,21,Idaho,Boundary County,2010c,10972,5549,5423,687,352,335,1419,730,689,706,366,340,631,337,294,2325,1158,1167,3372,1670,1702,1832,936,896,42.799999,42.400002,43.200001
16,21,Idaho,Boundary County,2010b,10972,5549,5423,687,352,335,1419,730,689,706,366,340,631,337,294,2325,1158,1167,3372,1670,1702,1832,936,896,42.799999,42.400002,43.200001
16,21,Idaho,Boundary County,2010,10999,5563,5436,682,348,334,1430,737,693,698,361,337,653,345,308,2325,1160,1165,3373,1668,1705,1838,944,894,42.700001,42.299999,43
16,21,Idaho,Boundary County,2011,10823,5476,5347,619,328,291,1375,701,674,669,345,324,677,367,310,2264,1124,1140,3299,1637,1662,1920,974,946,43.400002,43,43.799999
16,21,Idaho,Boundary County,2012,10817,5470,5347,599,323,276,1349,687,662,659,349,310,689,374,315,2257,1113,1144,3238,1602,1636,2026,1022,1004,43.900002,43.099998,44.5
16,21,Idaho,Boundary County,2013,10853,5502,5351,595,319,276,1309,655,654,672,360,312,706,404,302,2224,1100,1124,3212,1581,1631,2135,1083,1052,44.400002,43.5,45.099998
16,21,Idaho,Boundary County,2014,10956,5529,5427,603,317,286,1245,629,616,683,357,326,776,428,348,2204,1103,1101,3233,1572,1661,2212,1123,1089,44.700001,43.900002,45.5
16,21,Idaho,Boundary County,2015,11299,5700,5599,687,356,331,1260,646,614,720,366,354,798,438,360,2276,1143,1133,3264,1587,1677,2294,1164,1130,44.299999,43.200001,45.099998
16,21,Idaho,Boundary County,2016,11701,5874,5827,777,407,370,1310,668,642,685,340,345,866,464,402,2379,1186,1193,3292,1595,1697,2392,1214,1178,43.700001,43,44.5
16,21,Idaho,Boundary County,2017,11965,5997,5968,799,431,368,1349,680,669,681,335,346,893,468,425,2428,1218,1210,3301,1584,1717,2514,1281,1233,43.900002,43.099998,44.599998
16,21,Idaho,Boundary County,2018,12016,6040,5976,745,393,352,1389,713,676,657,320,337,864,451,413,2385,1211,1174,3284,1590,1694,2692,1362,1330,44.700001,43.900002,45.5
16,21,Idaho,Boundary County,2019,12245,6146,6099,789,396,393,1371,719,652,656,324,332,897,464,433,2460,1247,1213,3247,1572,1675,2825,1424,1401,44.599998,44,45.400002
16,23,Idaho,Butte County,2010c,2891,1485,1406,214,109,105,393,207,186,208,114,94,164,85,79,557,279,278,849,440,409,506,251,255,41.700001,41.200001,42.400002
16,23,Idaho,Butte County,2010b,2893,1486,1407,214,109,105,393,207,186,208,114,94,164,85,79,557,279,278,850,440,410,507,252,255,41.799999,41.299999,42.5
16,23,Idaho,Butte County,2010,2915,1496,1419,225,114,111,397,206,191,205,113,92,172,89,83,558,281,277,845,438,407,513,255,258,41.400002,40.900002,41.799999
16,23,Idaho,Butte County,2011,2833,1448,1385,184,88,96,387,197,190,206,117,89,188,101,87,513,259,254,830,426,404,525,260,265,42.700001,42.400002,42.900002
16,23,Idaho,Butte County,2012,2760,1406,1354,178,88,90,364,184,180,178,104,74,192,95,97,510,258,252,789,393,396,549,284,265,43.200001,42.700001,43.599998
16,23,Idaho,Butte County,2013,2667,1372,1295,165,84,81,340,167,173,170,99,71,181,99,82,507,255,252,747,374,373,557,294,263,43.900002,43.5,44.299999
16,23,Idaho,Butte County,2014,2658,1351,1307,160,79,81,351,171,180,163,84,79,189,107,82,503,253,250,734,363,371,558,294,264,43.700001,43.799999,43.700001
16,23,Idaho,Butte County,2015,2566,1302,1264,148,77,71,338,170,168,147,72,75,184,102,82,487,246,241,692,332,360,570,303,267,44.099998,43.900002,44.400002
16,23,Idaho,Butte County,2016,2572,1314,1258,136,72,64,346,169,177,148,82,66,186,105,81,487,244,243,681,334,347,588,308,280,44.400002,44.099998,44.799999
16,23,Idaho,Butte County,2017,2585,1321,1264,127,65,62,358,188,170,144,74,70,182,98,84,495,250,245,680,333,347,599,313,286,44.5,44,45.099998
16,23,Idaho,Butte County,2018,2587,1303,1284,140,67,73,336,167,169,148,74,74,182,98,84,496,245,251,681,341,340,604,311,293,44.599998,45,44.200001
16,23,Idaho,Butte County,2019,2597,1324,1273,147,75,72,319,160,159,165,84,81,184,106,78,502,247,255,666,340,326,614,312,302,44.200001,44.200001,44.200001
16,25,Idaho,Camas County,2010c,1117,582,535,63,36,27,130,62,68,47,27,20,55,31,24,271,133,138,373,200,173,178,93,85,44.299999,45.200001,43.5
16,25,Idaho,Camas County,2010b,1117,582,535,63,36,27,130,62,68,47,27,20,55,31,24,271,133,138,373,200,173,178,93,85,44.299999,45.200001,43.5
16,25,Idaho,Camas County,2010,1116,581,535,66,35,31,130,63,67,48,28,20,50,28,22,270,132,138,367,196,171,185,99,86,44.5,45.599998,43.400002
16,25,Idaho,Camas County,2011,1115,579,536,67,32,35,137,65,72,57,31,26,39,21,18,284,140,144,348,187,161,183,103,80,42.700001,45.099998,40.900002
16,25,Idaho,Camas County,2012,1085,559,526,64,32,32,138,63,75,62,32,30,42,23,19,261,125,136,331,181,150,187,103,84,43,45.799999,41
16,25,Idaho,Camas County,2013,1043,537,506,68,35,33,126,61,65,55,26,29,38,20,18,236,108,128,327,178,149,193,109,84,44.900002,48.200001,42.299999
16,25,Idaho,Camas County,2014,1054,542,512,61,31,30,142,66,76,53,28,25,43,23,20,239,109,130,305,163,142,211,122,89,44.099998,48,41.599998
16,25,Idaho,Camas County,2015,1070,548,522,57,28,29,130,61,69,61,29,32,47,25,22,243,119,124,303,157,146,229,129,100,44.799999,47.299999,42.799999
16,25,Idaho,Camas County,2016,1082,562,520,54,28,26,148,69,79,51,24,27,53,28,25,238,124,114,303,155,148,235,134,101,44.700001,46.200001,43
16,25,Idaho,Camas County,2017,1096,557,539,47,24,23,161,71,90,48,19,29,60,33,27,225,118,107,313,161,152,242,131,111,45.599998,46.799999,43.400002
16,25,Idaho,Camas County,2018,1121,571,550,53,30,23,156,69,87,53,20,33,56,31,25,239,124,115,312,162,150,252,135,117,45.400002,46.900002,43.299999
16,25,Idaho,Camas County,2019,1106,565,541,42,26,16,150,70,80,52,18,34,59,30,29,227,120,107,306,155,151,270,146,124,47.200001,47.400002,46.799999
16,27,Idaho,Canyon County,2010c,188923,93506,95417,17143,8768,8375,30111,15415,14696,12238,6212,6026,17700,8860,8840,50585,25250,25335,40750,19876,20874,20396,9125,11271,31.6,30.9,32.299999
16,27,Idaho,Canyon County,2010b,188922,93507,95415,17147,8772,8375,30107,15413,14694,12236,6211,6025,17700,8860,8840,50586,25251,25335,40750,19875,20875,20396,9125,11271,31.6,30.9,32.299999
16,27,Idaho,Canyon County,2010,189347,93695,95652,17037,8696,8341,30139,15412,14727,12288,6256,6032,17711,8856,8855,50546,25208,25338,41019,20037,20982,20607,9230,11377,31.799999,31,32.400002
16,27,Idaho,Canyon County,2011,191354,94604,96750,16713,8482,8231,30255,15491,14764,12407,6344,6063,18063,9021,9042,50548,25082,25466,41897,20521,21376,21471,9663,11808,32.099998,31.4,32.799999
16,27,Idaho,Canyon County,2012,193734,95691,98043,16290,8287,8003,30509,15523,14986,12541,6432,6109,18277,9140,9137,50738,25129,25609,42642,20848,21794,22737,10332,12405,32.599998,31.9,33.299999
16,27,Idaho,Canyon County,2013,198590,98295,100295,16183,8283,7900,31206,15950,15256,12987,6677,6310,19019,9538,9481,51877,25677,26200,43445,21270,22175,23873,10900,12973,32.700001,31.9,33.400002
16,27,Idaho,Canyon County,2014,202440,100095,102345,16101,8250,7851,31434,16065,15369,13181,6737,6444,19504,9805,9699,52749,25983,26766,44378,21737,22641,25093,11518,13575,33,32.200001,33.700001
16,27,Idaho,Canyon County,2015,206842,102290,104552,16243,8188,8055,31647,16182,15465,13624,6920,6704,19674,10043,9631,53770,26480,27290,45520,22364,23156,26364,12113,14251,33.200001,32.400002,33.900002
16,27,Idaho,Canyon County,2016,211381,104666,106715,16286,8270,8016,32037,16348,15689,13845,7001,6844,19933,10272,9661,54904,27055,27849,46750,23036,23714,27626,12684,14942,33.400002,32.599998,34.200001
16,27,Idaho,Canyon County,2017,216858,107423,109435,16470,8366,8104,32268,16434,15834,14003,7099,6904,20482,10493,9989,56519,27985,28534,48016,23638,24378,29100,13408,15692,33.700001,32.900002,34.5
16,27,Idaho,Canyon County,2018,223236,110665,112571,16625,8429,8196,32489,16588,15901,14299,7276,7023,21146,10789,10357,58674,29156,29518,49371,24267,25104,30632,14160,16472,34,33.200001,34.700001
16,27,Idaho,Canyon County,2019,229849,114075,115774,16761,8583,8178,32830,16716,16114,14527,7417,7110,21720,11083,10637,60942,30355,30587,50856,24960,25896,32213,14961,17252,34.200001,33.400002,35
16,29,Idaho,Caribou County,2010c,6963,3509,3454,547,255,292,1024,531,493,445,244,201,441,237,204,1572,797,775,1831,947,884,1103,498,605,37.700001,36.400002,38.900002
16,29,Idaho,Caribou County,2010b,6963,3509,3454,547,255,292,1024,531,493,445,244,201,441,237,204,1572,797,775,1831,947,884,1103,498,605,37.700001,36.400002,38.900002
16,29,Idaho,Caribou County,2010,6974,3514,3460,551,260,291,1026,528,498,444,244,200,451,247,204,1571,794,777,1825,943,882,1106,498,608,37.599998,36.299999,38.900002
16,29,Idaho,Caribou County,2011,6844,3443,3401,541,271,270,994,494,500,434,224,210,446,260,186,1521,765,756,1789,926,863,1119,503,616,37.900002,36.700001,39.299999
16,29,Idaho,Caribou County,2012,6771,3423,3348,516,273,243,979,499,480,406,202,204,487,285,202,1493,759,734,1755,895,860,1135,510,625,37.900002,36.400002,40
16,29,Idaho,Caribou County,2013,6787,3435,3352,523,283,240,1026,507,519,406,205,201,505,284,221,1509,783,726,1695,864,831,1123,509,614,36.799999,36.099998,37.900002
16,29,Idaho,Caribou County,2014,6794,3443,3351,530,286,244,1009,495,514,422,230,192,488,276,212,1517,778,739,1683,850,833,1145,528,617,37.200001,36.5,38.299999
16,29,Idaho,Caribou County,2015,6733,3416,3317,491,259,232,1015,503,512,425,223,202,463,265,198,1525,788,737,1643,837,806,1171,541,630,37.599998,37.099998,38.299999
16,29,Idaho,Caribou County,2016,6867,3489,3378,492,263,229,1034,515,519,439,236,203,460,250,210,1605,842,763,1630,822,808,1207,561,646,37.599998,37.099998,38.200001
16,29,Idaho,Caribou County,2017,6973,3557,3416,517,274,243,1013,522,491,478,246,232,493,273,220,1650,869,781,1621,810,811,1201,563,638,37.299999,36.5,38.099998
16,29,Idaho,Caribou County,2018,7037,3601,3436,497,266,231,1063,557,506,470,241,229,504,279,225,1672,873,799,1602,811,791,1229,574,655,37.299999,36.299999,38.200001
16,29,Idaho,Caribou County,2019,7155,3651,3504,516,273,243,1075,553,522,485,249,236,522,291,231,1709,889,820,1607,822,785,1241,574,667,37.200001,36.299999,38
16,31,Idaho,Cassia County,2010c,22952,11612,11340,2144,1101,1043,3822,1971,1851,1621,818,803,1935,1063,872,5361,2697,2664,5115,2637,2478,2954,1325,1629,32,31,33.099998
16,31,Idaho,Cassia County,2010b,22964,11616,11348,2146,1102,1044,3826,1972,1854,1622,818,804,1935,1063,872,5365,2699,2666,5115,2637,2478,2955,1325,1630,32,31,33.099998
16,31,Idaho,Cassia County,2010,23080,11656,11424,2161,1102,1059,3863,1982,1881,1606,813,793,1978,1081,897,5373,2698,2675,5159,2659,2500,2940,1321,1619,31.9,31,32.900002
16,31,Idaho,Cassia County,2011,23106,11691,11415,2078,1061,1017,3948,2030,1918,1538,781,757,2043,1099,944,5315,2709,2606,5229,2681,2548,2955,1330,1625,32.099998,31.299999,33.099998
16,31,Idaho,Cassia County,2012,23263,11822,11441,2075,1046,1029,3955,2080,1875,1552,801,751,2117,1118,999,5364,2737,2627,5172,2665,2507,3028,1375,1653,32.099998,31.200001,32.900002
16,31,Idaho,Cassia County,2013,23344,11851,11493,2038,1020,1018,4019,2097,1922,1586,837,749,2161,1162,999,5400,2728,2672,5108,2621,2487,3032,1386,1646,31.9,31,32.799999
16,31,Idaho,Cassia County,2014,23503,11977,11526,2058,1050,1008,3979,2056,1923,1619,839,780,2135,1159,976,5502,2814,2688,5096,2616,2480,3114,1443,1671,32.099998,31.4,32.900002
16,31,Idaho,Cassia County,2015,23499,12022,11477,2037,1054,983,3923,2028,1895,1692,884,808,2150,1187,963,5514,2808,2706,5019,2593,2426,3164,1468,1696,32.200001,31.299999,33.099998
16,31,Idaho,Cassia County,2016,23479,11985,11494,1955,998,957,3945,2048,1897,1706,905,801,2131,1145,986,5525,2820,2705,4992,2579,2413,3225,1490,1735,32.400002,31.299999,33.400002
16,31,Idaho,Cassia County,2017,23650,12087,11563,1871,964,907,3931,2041,1890,1754,919,835,2099,1151,948,5676,2892,2784,5024,2572,2452,3295,1548,1747,32.700001,31.5,33.700001
16,31,Idaho,Cassia County,2018,23791,12113,11678,1881,968,913,3913,2018,1895,1760,909,851,2101,1121,980,5803,2990,2813,4961,2515,2446,3372,1592,1780,32.599998,31.4,33.700001
16,31,Idaho,Cassia County,2019,24030,12219,11811,1933,987,946,3893,1998,1895,1761,920,841,2151,1148,1003,5858,3011,2847,4961,2518,2443,3473,1637,1836,32.599998,31.4,33.900002
16,33,Idaho,Clark County,2010c,982,543,439,82,48,34,156,91,65,70,36,34,83,56,27,235,118,117,227,129,98,129,65,64,32.700001,29.9,35.299999
16,33,Idaho,Clark County,2010b,982,543,439,82,48,34,156,91,65,70,36,34,83,56,27,235,118,117,227,129,98,129,65,64,32.700001,29.9,35.299999
16,33,Idaho,Clark County,2010,980,541,439,81,48,33,158,91,67,68,35,33,85,57,28,233,119,114,226,127,99,129,64,65,32.799999,29.799999,35.400002
16,33,Idaho,Clark County,2011,954,527,427,72,41,31,157,93,64,62,31,31,85,54,31,230,118,112,212,121,91,136,69,67,33.5,30.4,36.299999
16,33,Idaho,Clark County,2012,884,470,414,61,32,29,139,74,65,56,28,28,73,42,31,210,111,99,211,115,96,134,68,66,36.799999,32.900002,37.799999
16,33,Idaho,Clark County,2013,879,461,418,52,27,25,135,66,69,58,27,31,70,41,29,217,118,99,215,116,99,132,66,66,36.900002,35.5,38
16,33,Idaho,Clark County,2014,889,471,418,58,35,23,132,65,67,68,31,37,70,33,37,213,123,90,217,117,100,131,67,64,35.200001,34.400002,36.099998
16,33,Idaho,Clark County,2015,886,473,413,55,33,22,123,61,62,66,31,35,76,40,36,221,125,96,209,111,98,136,72,64,35.099998,34.900002,35.299999
16,33,Idaho,Clark County,2016,870,462,408,48,27,21,116,62,54,64,31,33,70,33,37,221,124,97,213,113,100,138,72,66,36.5,36.200001,36.799999
16,33,Idaho,Clark County,2017,879,453,426,52,30,22,111,58,53,65,26,39,84,36,48,215,120,95,215,112,103,137,71,66,36.900002,37.599998,36.200001
16,33,Idaho,Clark County,2018,851,435,416,49,28,21,97,53,44,49,16,33,90,38,52,211,116,95,206,107,99,149,77,72,38.400002,40.400002,37.5
16,33,Idaho,Clark County,2019,845,432,413,47,23,24,87,48,39,52,18,34,81,35,46,207,111,96,207,113,94,164,84,80,39.799999,42,38.400002
16,35,Idaho,Clearwater County,2010c,8761,4739,4022,373,193,180,780,433,347,403,203,200,516,297,219,1792,1067,725,2937,1543,1394,1960,1003,957,49,47.900002,50.200001
16,35,Idaho,Clearwater County,2010b,8761,4739,4022,373,193,180,780,433,347,403,203,200,516,297,219,1792,1067,725,2937,1543,1394,1960,1003,957,49,47.900002,50.200001
16,35,Idaho,Clearwater County,2010,8727,4726,4001,369,189,180,776,431,345,397,204,193,520,297,223,1782,1062,720,2930,1543,1387,1953,1000,953,49,47.900002,50.299999
16,35,Idaho,Clearwater County,2011,8609,4660,3949,336,175,161,740,403,337,395,214,181,524,312,212,1743,1026,717,2916,1539,1377,1955,991,964,49.5,48,51
16,35,Idaho,Clearwater County,2012,8579,4637,3942,332,154,178,711,390,321,393,216,177,529,323,206,1699,1002,697,2849,1502,1347,2066,1050,1016,50.099998,48.599998,51.700001
16,35,Idaho,Clearwater County,2013,8568,4675,3893,313,142,171,695,391,304,381,212,169,541,334,207,1740,1048,692,2783,1464,1319,2115,1084,1031,50.299999,48.400002,52.200001
16,35,Idaho,Clearwater County,2014,8561,4710,3851,315,166,149,714,389,325,413,235,178,551,352,199,1665,1007,658,2722,1427,1295,2181,1134,1047,50.400002,48.200001,52.700001
16,35,Idaho,Clearwater County,2015,8554,4709,3845,316,178,138,696,370,326,396,216,180,578,364,214,1689,1031,658,2649,1390,1259,2230,1160,1070,50.400002,48.099998,52.900002
16,35,Idaho,Clearwater County,2016,8651,4793,3858,318,183,135,716,386,330,411,246,165,554,347,207,1753,1065,688,2603,1369,1234,2296,1197,1099,50.200001,47.799999,53.299999
16,35,Idaho,Clearwater County,2017,8646,4771,3875,315,187,128,681,365,316,415,247,168,526,315,211,1791,1093,698,2586,1357,1229,2332,1207,1125,50.400002,48.099998,53.700001
16,35,Idaho,Clearwater County,2018,8758,4824,3934,323,196,127,673,371,302,422,243,179,516,301,215,1825,1106,719,2608,1358,1250,2391,1249,1142,50.700001,48.5,53.900002
16,35,Idaho,Clearwater County,2019,8756,4836,3920,318,183,135,662,360,302,402,238,164,504,299,205,1862,1125,737,2557,1354,1203,2451,1277,1174,51.299999,49,54.200001
16,37,Idaho,Custer County,2010c,4368,2318,2050,219,117,102,423,226,197,216,113,103,224,129,95,922,486,436,1546,826,720,818,421,397,48,47.700001,48.200001
16,37,Idaho,Custer County,2010b,4366,2317,2049,219,117,102,423,226,197,216,113,103,224,129,95,922,486,436,1545,826,719,817,420,397,47.900002,47.700001,48.200001
16,37,Idaho,Custer County,2010,4357,2312,2045,212,112,100,420,226,194,215,112,103,227,132,95,916,485,431,1548,824,724,819,421,398,48.099998,47.799999,48.299999
16,37,Idaho,Custer County,2011,4325,2288,2037,218,107,111,407,216,191,198,103,95,233,129,104,903,486,417,1537,814,723,829,433,396,48.799999,48.700001,48.799999
16,37,Idaho,Custer County,2012,4327,2283,2044,201,115,86,406,218,188,212,107,105,249,130,119,902,486,416,1481,764,717,876,463,413,49.099998,48.700001,49.400002
16,37,Idaho,Custer County,2013,4225,2192,2033,184,98,86,410,209,201,196,95,101,251,129,122,835,441,394,1424,732,692,925,488,437,50.099998,50.299999,49.900002
16,37,Idaho,Custer County,2014,4132,2116,2016,167,74,93,366,187,179,200,104,96,245,119,126,785,398,387,1390,720,670,979,514,465,51.599998,52.200001,51
16,37,Idaho,Custer County,2015,4059,2080,1979,160,69,91,351,169,182,183,101,82,224,106,118,778,404,374,1318,677,641,1045,554,491,52.5,53.299999,51.599998
16,37,Idaho,Custer County,2016,4084,2095,1989,176,74,102,332,164,168,171,95,76,218,107,111,785,414,371,1292,645,647,1110,596,514,53.299999,53.900002,52.5
16,37,Idaho,Custer County,2017,4135,2126,2009,191,85,106,330,165,165,178,97,81,224,109,115,791,418,373,1237,620,617,1184,632,552,52.900002,53.599998,52.200001
16,37,Idaho,Custer County,2018,4250,2189,2061,197,98,99,356,181,175,180,96,84,215,114,101,812,421,391,1256,636,620,1234,643,591,52.700001,52.700001,52.799999
16,37,Idaho,Custer County,2019,4315,2205,2110,201,104,97,366,183,183,174,83,91,210,120,90,816,412,404,1250,638,612,1298,665,633,53.099998,52.900002,53.299999
16,39,Idaho,Elmore County,2010c,27038,13971,13067,2508,1344,1164,3608,1846,1762,1559,811,748,3450,1928,1522,7397,3883,3514,5800,2921,2879,2716,1238,1478,30,28.9,31.299999
16,39,Idaho,Elmore County,2010b,27040,13972,13068,2508,1344,1164,3608,1846,1762,1559,811,748,3450,1928,1522,7397,3883,3514,5802,2922,2880,2716,1238,1478,30,28.9,31.299999
16,39,Idaho,Elmore County,2010,27121,14015,13106,2498,1336,1162,3627,1856,1771,1549,804,745,3468,1936,1532,7411,3894,3517,5822,2937,2885,2746,1252,1494,30,29,31.299999
16,39,Idaho,Elmore County,2011,26221,13571,12650,2314,1243,1071,3431,1767,1664,1492,774,718,3458,1958,1500,6995,3658,3337,5742,2892,2850,2789,1279,1510,30.4,29.200001,32
16,39,Idaho,Elmore County,2012,26287,13681,12606,2304,1224,1080,3328,1713,1615,1458,744,714,3571,2098,1473,7059,3716,3343,5676,2844,2832,2891,1342,1549,30.4,29.299999,31.9
16,39,Idaho,Elmore County,2013,26267,13724,12543,2213,1175,1038,3322,1704,1618,1412,711,701,3594,2148,1446,7083,3762,3321,5657,2835,2822,2986,1389,1597,30.700001,29.4,32.299999
16,39,Idaho,Elmore County,2014,26226,13692,12534,2199,1149,1050,3349,1717,1632,1395,711,684,3504,2101,1403,7047,3747,3300,5653,2826,2827,3079,1441,1638,30.9,29.6,32.5
16,39,Idaho,Elmore County,2015,25826,13506,12320,2083,1049,1034,3250,1696,1554,1328,659,669,3344,2014,1330,6947,3739,3208,5690,2838,2852,3184,1511,1673,31.6,30.299999,33.099998
16,39,Idaho,Elmore County,2016,26137,13666,12471,2126,1045,1081,3238,1709,1529,1268,618,650,3274,1973,1301,7170,3878,3292,5740,2855,2885,3321,1588,1733,31.9,30.6,33.400002
16,39,Idaho,Elmore County,2017,26881,14041,12840,2184,1092,1092,3368,1740,1628,1324,676,648,3233,1930,1303,7462,4043,3419,5838,2899,2939,3472,1661,1811,31.9,30.5,33.400002
16,39,Idaho,Elmore County,2018,27362,14352,13010,2259,1134,1125,3338,1742,1596,1319,683,636,3310,1958,1352,7692,4184,3508,5795,2905,2890,3649,1746,1903,31.799999,30.5,33.400002
16,39,Idaho,Elmore County,2019,27511,14415,13096,2241,1125,1116,3332,1731,1601,1388,722,666,3156,1839,1317,7744,4231,3513,5770,2910,2860,3880,1857,2023,32.400002,31.4,33.900002
16,41,Idaho,Franklin County,2010c,12786,6486,6300,1219,641,578,2354,1251,1103,925,448,477,944,508,436,3009,1509,1500,2692,1365,1327,1643,764,879,31.5,30.6,32.299999
16,41,Idaho,Franklin County,2010b,12786,6486,6300,1219,641,578,2354,1251,1103,925,448,477,944,508,436,3009,1509,1500,2692,1365,1327,1643,764,879,31.5,30.6,32.299999
16,41,Idaho,Franklin County,2010,12781,6485,6296,1213,635,578,2351,1253,1098,932,456,476,953,507,446,2995,1511,1484,2703,1365,1338,1634,758,876,31.5,30.6,32.299999
16,41,Idaho,Franklin County,2011,12810,6463,6347,1174,590,584,2343,1235,1108,975,477,498,986,512,474,2966,1504,1462,2721,1369,1352,1645,776,869,31.700001,31.1,32.200001
16,41,Idaho,Franklin County,2012,12798,6477,6321,1116,557,559,2329,1242,1087,1010,507,503,976,508,468,2974,1496,1478,2706,1371,1335,1687,796,891,32.200001,31.299999,32.900002
16,41,Idaho,Franklin County,2013,12802,6471,6331,1075,516,559,2294,1239,1055,1047,531,516,992,515,477,2954,1484,1470,2737,1380,1357,1703,806,897,32.700001,31.799999,33.5
16,41,Idaho,Franklin County,2014,12910,6543,6367,1020,489,531,2309,1250,1059,1068,559,509,1042,544,498,2960,1475,1485,2768,1400,1368,1743,826,917,33.099998,32.099998,34
16,41,Idaho,Franklin County,2015,12955,6602,6353,1015,513,502,2265,1187,1078,1069,570,499,1073,579,494,2969,1482,1487,2806,1429,1377,1758,842,916,33.200001,32,34.099998
16,41,Idaho,Franklin County,2016,13320,6803,6517,1034,546,488,2293,1201,1092,1093,579,514,1137,615,522,3063,1522,1541,2888,1458,1430,1812,882,930,33.099998,31.700001,34.299999
16,41,Idaho,Franklin County,2017,13467,6885,6582,1019,540,479,2267,1187,1080,1105,583,522,1163,619,544,3101,1538,1563,2938,1489,1449,1874,929,945,33.5,32.400002,34.700001
16,41,Idaho,Franklin County,2018,13704,7009,6695,1011,529,482,2228,1155,1073,1124,609,515,1215,640,575,3222,1608,1614,2966,1513,1453,1938,955,983,33.700001,32.700001,34.799999
16,41,Idaho,Franklin County,2019,13876,7121,6755,1023,538,485,2206,1150,1056,1140,597,543,1201,653,548,3305,1670,1635,2972,1505,1467,2029,1008,1021,34,33,35.200001
16,43,Idaho,Fremont County,2010c,13242,6963,6279,1166,614,552,2028,1040,988,960,538,422,1022,543,479,3121,1655,1466,3101,1640,1461,1844,933,911,33.5,33.200001,33.799999
16,43,Idaho,Fremont County,2010b,13237,6960,6277,1166,614,552,2028,1040,988,960,538,422,1022,543,479,3118,1653,1465,3101,1640,1461,1842,932,910,33.5,33.200001,33.799999
16,43,Idaho,Fremont County,2010,13225,6951,6274,1158,608,550,2021,1038,983,952,536,416,1033,550,483,3118,1646,1472,3108,1645,1463,1835,928,907,33.5,33.299999,33.900002
16,43,Idaho,Fremont County,2011,13109,6853,6256,1067,547,520,2006,1047,959,935,521,414,1004,531,473,3096,1609,1487,3145,1669,1476,1856,929,927,34.299999,34.099998,34.599998
16,43,Idaho,Fremont County,2012,12966,6780,6186,1017,493,524,1927,1023,904,938,515,423,1015,551,464,3024,1578,1446,3149,1660,1489,1896,960,936,35.200001,35,35.5
16,43,Idaho,Fremont County,2013,12872,6735,6137,925,473,452,1889,986,903,917,509,408,1059,569,490,2973,1538,1435,3158,1690,1468,1951,970,981,36,35.700001,36.299999
16,43,Idaho,Fremont County,2014,12803,6684,6119,856,431,425,1852,950,902,928,523,405,1072,586,486,2939,1529,1410,3137,1663,1474,2019,1002,1017,36.599998,36.299999,37.099998
16,43,Idaho,Fremont County,2015,12812,6655,6157,843,426,417,1786,881,905,923,527,396,1069,581,488,2949,1541,1408,3190,1684,1506,2052,1015,1037,37.200001,37,37.400002
16,43,Idaho,Fremont County,2016,12914,6717,6197,849,424,425,1727,862,865,890,503,387,1141,611,530,2943,1544,1399,3249,1722,1527,2115,1051,1064,37.799999,37.700001,37.900002
16,43,Idaho,Fremont County,2017,13122,6834,6288,870,430,440,1713,859,854,886,495,391,1205,639,566,3046,1616,1430,3227,1708,1519,2175,1087,1088,37.700001,37.799999,37.599998
16,43,Idaho,Fremont County,2018,13155,6877,6278,871,440,431,1619,822,797,901,487,414,1189,642,547,3146,1671,1475,3218,1708,1510,2211,1107,1104,38,37.900002,38.099998
16,43,Idaho,Fremont County,2019,13099,6858,6241,831,426,405,1523,790,733,876,454,422,1225,665,560,3145,1692,1453,3213,1682,1531,2286,1149,1137,38.700001,38.5,39
16,45,Idaho,Gem County,2010c,16719,8283,8436,1102,597,505,2019,1016,1003,977,521,456,1178,614,564,3520,1727,1793,4816,2340,2476,3107,1468,1639,42.900002,41.799999,44.099998
16,45,Idaho,Gem County,2010b,16719,8283,8436,1102,597,505,2019,1016,1003,977,521,456,1178,614,564,3520,1727,1793,4816,2340,2476,3107,1468,1639,42.900002,41.799999,44.099998
16,45,Idaho,Gem County,2010,16687,8263,8424,1076,581,495,2025,1019,1006,966,516,450,1180,614,566,3490,1713,1777,4821,2343,2478,3129,1477,1652,43.099998,42,44.200001
16,45,Idaho,Gem County,2011,16692,8267,8425,1007,530,477,2053,1045,1008,951,502,449,1253,666,587,3392,1640,1752,4872,2376,2496,3164,1508,1656,43.5,42.400002,44.400002
16,45,Idaho,Gem County,2012,16630,8213,8417,1003,505,498,2034,1047,987,915,468,447,1239,655,584,3295,1602,1693,4834,2354,2480,3310,1582,1728,44.200001,43.299999,45
16,45,Idaho,Gem County,2013,16569,8228,8341,951,489,462,2022,1048,974,935,475,460,1234,655,579,3265,1609,1656,4745,2316,2429,3417,1636,1781,44.299999,43.299999,45.400002
16,45,Idaho,Gem County,2014,16646,8297,8349,945,495,450,2026,1055,971,957,473,484,1229,664,565,3281,1602,1679,4732,2322,2410,3476,1686,1790,44.400002,43.299999,45.299999
16,45,Idaho,Gem County,2015,16685,8313,8372,958,478,480,1957,1044,913,953,462,491,1216,651,565,3318,1630,1688,4721,2312,2409,3562,1736,1826,44.599998,43.700001,45.5
16,45,Idaho,Gem County,2016,16959,8458,8501,1011,502,509,2006,1088,918,950,488,462,1187,626,561,3498,1708,1790,4690,2286,2404,3617,1760,1857,44,42.900002,45.099998
16,45,Idaho,Gem County,2017,17311,8647,8664,1042,521,521,2012,1059,953,984,516,468,1184,639,545,3622,1772,1850,4779,2328,2451,3688,1812,1876,43.900002,43.099998,44.900002
16,45,Idaho,Gem County,2018,17587,8814,8773,1052,562,490,2009,1032,977,964,522,442,1215,642,573,3726,1803,1923,4784,2356,2428,3837,1897,1940,44.099998,43.200001,44.799999
16,45,Idaho,Gem County,2019,18112,9106,9006,1048,544,504,2113,1110,1003,972,531,441,1239,658,581,3888,1909,1979,4866,2381,2485,3986,1973,2013,43.900002,42.599998,44.900002
16,47,Idaho,Gooding County,2010c,15464,7999,7465,1288,667,621,2299,1193,1106,976,532,444,1350,740,610,3697,1947,1750,3526,1817,1709,2328,1103,1225,34.299999,33.299999,35.799999
16,47,Idaho,Gooding County,2010b,15472,8003,7469,1288,667,621,2299,1193,1106,977,532,445,1351,741,610,3699,1948,1751,3530,1819,1711,2328,1103,1225,34.400002,33.299999,35.799999
16,47,Idaho,Gooding County,2010,15471,7983,7488,1278,652,626,2299,1194,1105,975,526,449,1357,743,614,3691,1941,1750,3550,1832,1718,2321,1095,1226,34.400002,33.5,35.799999
16,47,Idaho,Gooding County,2011,15355,7904,7451,1211,612,599,2307,1191,1116,975,525,450,1350,748,602,3628,1884,1744,3577,1854,1723,2307,1090,1217,34.900002,34,35.900002
16,47,Idaho,Gooding County,2012,15250,7834,7416,1136,580,556,2301,1178,1123,1007,540,467,1334,727,607,3535,1848,1687,3572,1848,1724,2365,1113,1252,35.299999,34.599998,36.099998
16,47,Idaho,Gooding County,2013,15169,7771,7398,1105,556,549,2296,1172,1124,997,521,476,1349,728,621,3472,1822,1650,3530,1821,1709,2420,1151,1269,35.599998,35.099998,36.200001
16,47,Idaho,Gooding County,2014,15086,7710,7376,1104,557,547,2225,1121,1104,959,496,463,1336,736,600,3462,1804,1658,3525,1814,1711,2475,1182,1293,36.099998,35.700001,36.700001
16,47,Idaho,Gooding County,2015,15188,7751,7437,1034,530,504,2231,1115,1116,994,506,488,1353,724,629,3500,1832,1668,3555,1828,1727,2521,1216,1305,36.400002,36.099998,36.700001
16,47,Idaho,Gooding County,2016,15135,7744,7391,1021,530,491,2210,1094,1116,935,466,469,1308,721,587,3540,1864,1676,3587,1843,1744,2534,1226,1308,36.799999,36.599998,37.099998
16,47,Idaho,Gooding County,2017,15121,7726,7395,1064,538,526,2207,1120,1087,922,477,445,1285,698,587,3474,1827,1647,3588,1815,1773,2581,1251,1330,37.099998,36.599998,37.5
16,47,Idaho,Gooding County,2018,15116,7679,7437,1066,541,525,2157,1078,1079,928,474,454,1263,674,589,3465,1808,1657,3595,1812,1783,2642,1292,1350,37.400002,37,37.700001
16,47,Idaho,Gooding County,2019,15179,7728,7451,1047,539,508,2109,1049,1060,923,466,457,1268,673,595,3518,1837,1681,3602,1835,1767,2712,1329,1383,37.799999,37.599998,38.099998
16,49,Idaho,Idaho County,2010c,16267,8492,7775,867,455,412,1666,877,789,872,442,430,985,573,412,3092,1652,1440,5341,2726,2615,3444,1767,1677,48,47.200001,48.700001
16,49,Idaho,Idaho County,2010b,16267,8492,7775,867,455,412,1666,877,789,872,442,430,985,573,412,3092,1652,1440,5341,2726,2615,3444,1767,1677,48,47.200001,48.700001
16,49,Idaho,Idaho County,2010,16310,8507,7803,861,443,418,1674,886,788,871,439,432,1004,582,422,3085,1648,1437,5341,2723,2618,3474,1786,1688,48.099998,47.299999,48.700001
16,49,Idaho,Idaho County,2011,16462,8587,7875,890,438,452,1661,891,770,853,444,409,1068,623,445,3073,1643,1430,5365,2725,2640,3552,1823,1729,48.299999,47.5,49.099998
16,49,Idaho,Idaho County,2012,16444,8577,7867,875,436,439,1640,862,778,851,460,391,1061,619,442,3064,1652,1412,5212,2620,2592,3741,1928,1813,48.799999,47.799999,49.700001
16,49,Idaho,Idaho County,2013,16249,8471,7778,841,430,411,1583,837,746,834,444,390,1079,629,450,2992,1617,1375,5072,2526,2546,3848,1988,1860,49.400002,48.200001,50.400002
16,49,Idaho,Idaho County,2014,16275,8535,7740,842,434,408,1601,839,762,804,431,373,1135,675,460,2952,1587,1365,4978,2506,2472,3963,2063,1900,49.599998,48.400002,50.799999
16,49,Idaho,Idaho County,2015,16301,8533,7768,832,441,391,1657,856,801,804,429,375,1102,651,451,2973,1598,1375,4880,2448,2432,4053,2110,1943,49.700001,48.299999,50.799999
16,49,Idaho,Idaho County,2016,16236,8516,7720,793,416,377,1597,822,775,795,433,362,1125,673,452,2958,1589,1369,4749,2384,2365,4219,2199,2020,50.200001,48.700001,51.299999
16,49,Idaho,Idaho County,2017,16373,8598,7775,805,429,376,1630,846,784,765,400,365,1102,686,416,3034,1642,1392,4615,2289,2326,4422,2306,2116,50.099998,48.5,51.700001
16,49,Idaho,Idaho County,2018,16476,8632,7844,769,404,365,1693,862,831,775,417,358,1088,668,420,3041,1645,1396,4527,2241,2286,4583,2395,2188,50.299999,48.799999,51.799999
16,49,Idaho,Idaho County,2019,16667,8726,7941,791,407,384,1674,867,807,756,401,355,1102,680,422,3102,1690,1412,4469,2192,2277,4773,2489,2284,50.400002,48.700001,52.099998
16,51,Idaho,Jefferson County,2010c,26140,13114,13026,2818,1419,1399,4653,2341,2312,1816,917,899,2053,1052,1001,6667,3358,3309,5629,2832,2797,2504,1195,1309,30,30,30
16,51,Idaho,Jefferson County,2010b,26144,13117,13027,2818,1419,1399,4655,2343,2312,1817,917,900,2053,1052,1001,6669,3359,3310,5628,2832,2796,2504,1195,1309,30,30,29.9
16,51,Idaho,Jefferson County,2010,26223,13162,13061,2802,1415,1387,4678,2356,2322,1820,917,903,2059,1062,997,6682,3356,3326,5662,2850,2812,2520,1206,1314,30,30,30.1
16,51,Idaho,Jefferson County,2011,26313,13219,13094,2670,1357,1313,4714,2378,2336,1844,935,909,2088,1085,1003,6635,3295,3340,5767,2921,2846,2595,1248,1347,30.5,30.5,30.6
16,51,Idaho,Jefferson County,2012,26641,13377,13264,2639,1333,1306,4842,2442,2400,1874,946,928,2148,1104,1044,6659,3313,3346,5761,2930,2831,2718,1309,1409,30.6,30.5,30.6
16,51,Idaho,Jefferson County,2013,26804,13459,13345,2507,1244,1263,4871,2434,2437,1923,984,939,2213,1137,1076,6683,3351,3332,5795,2946,2849,2812,1363,1449,31,30.9,31.1
16,51,Idaho,Jefferson County,2014,26944,13563,13381,2479,1267,1212,4891,2427,2464,1991,1032,959,2168,1102,1066,6694,3380,3314,5765,2930,2835,2956,1425,1531,31.200001,31.1,31.4
16,51,Idaho,Jefferson County,2015,27127,13723,13404,2450,1260,1190,4879,2440,2439,2066,1044,1022,2149,1128,1021,6795,3445,3350,5743,2923,2820,3045,1483,1562,31.4,31.200001,31.6
16,51,Idaho,Jefferson County,2016,27830,14125,13705,2489,1290,1199,5008,2521,2487,2108,1072,1036,2214,1137,1077,7007,3614,3393,5868,2979,2889,3136,1512,1624,31.5,31.299999,31.799999
16,51,Idaho,Jefferson County,2017,28439,14442,13997,2430,1280,1150,5117,2548,2569,2157,1091,1066,2315,1196,1119,7230,3725,3505,5932,3025,2907,3258,1577,1681,31.799999,31.6,31.9
16,51,Idaho,Jefferson County,2018,29405,14951,14454,2532,1318,1214,5271,2636,2635,2203,1115,1088,2462,1275,1187,7564,3891,3673,6018,3080,2938,3355,1636,1719,31.5,31.4,31.5
16,51,Idaho,Jefferson County,2019,29871,15276,14595,2488,1306,1182,5326,2730,2596,2241,1144,1097,2519,1293,1226,7683,3939,3744,6159,3174,2985,3455,1690,1765,31.9,31.700001,32.099998
16,53,Idaho,Jerome County,2010c,22374,11429,10945,2131,1076,1055,3336,1745,1591,1481,757,724,2113,1104,1009,5708,2957,2751,5098,2614,2484,2507,1176,1331,31.700001,31.1,32.099998
16,53,Idaho,Jerome County,2010b,22355,11420,10935,2128,1074,1054,3335,1745,1590,1480,757,723,2109,1102,1007,5703,2955,2748,5093,2611,2482,2507,1176,1331,31.700001,31.1,32.099998
16,53,Idaho,Jerome County,2010,22442,11448,10994,2140,1080,1060,3353,1745,1608,1474,753,721,2107,1104,1003,5706,2948,2758,5137,2634,2503,2525,1184,1341,31.700001,31.299999,32.200001
16,53,Idaho,Jerome County,2011,22520,11481,11039,2149,1096,1053,3413,1745,1668,1447,735,712,2096,1116,980,5649,2926,2723,5219,2666,2553,2547,1197,1350,31.9,31.4,32.400002
16,53,Idaho,Jerome County,2012,22578,11440,11138,2125,1052,1073,3515,1802,1713,1348,678,670,2096,1094,1002,5664,2931,2733,5189,2648,2541,2641,1235,1406,32,31.6,32.400002
16,53,Idaho,Jerome County,2013,22768,11560,11208,2094,1056,1038,3614,1821,1793,1337,704,633,2096,1112,984,5731,2930,2801,5192,2669,2523,2704,1268,1436,32,31.6,32.599998
16,53,Idaho,Jerome County,2014,22926,11601,11325,2060,1014,1046,3673,1845,1828,1352,700,652,2118,1111,1007,5744,2963,2781,5199,2664,2535,2780,1304,1476,32.099998,31.9,32.400002
16,53,Idaho,Jerome County,2015,22971,11686,11285,1993,1039,954,3763,1876,1887,1393,693,700,2015,1086,929,5762,2992,2770,5208,2663,2545,2837,1337,1500,32.5,32.299999,32.799999
16,53,Idaho,Jerome County,2016,23433,11959,11474,2035,1026,1009,3811,1922,1889,1431,710,721,2081,1132,949,5907,3075,2832,5275,2716,2559,2893,1378,1515,32.599998,32.5,32.700001
16,53,Idaho,Jerome County,2017,23768,12125,11643,2055,1034,1021,3808,1921,1887,1465,712,753,2050,1108,942,6076,3190,2886,5337,2753,2584,2977,1407,1570,32.799999,32.799999,32.799999
16,53,Idaho,Jerome County,2018,24066,12324,11742,1985,1014,971,3866,1931,1935,1506,744,762,2040,1084,956,6186,3309,2877,5399,2784,2615,3084,1458,1626,33.200001,33.200001,33.299999
16,53,Idaho,Jerome County,2019,24412,12518,11894,1991,1039,952,3851,1939,1912,1604,804,800,1993,1027,966,6389,3414,2975,5352,2766,2586,3232,1529,1703,33.5,33.400002,33.599998
16,55,Idaho,Kootenai County,2010c,138494,68257,70237,8963,4605,4358,17297,8798,8499,7984,4166,3818,12008,6102,5906,33990,16928,17062,38174,18367,19807,20078,9291,10787,38.900002,37.700001,40
16,55,Idaho,Kootenai County,2010b,138466,68247,70219,8959,4604,4355,17293,8797,8496,7983,4166,3817,12008,6102,5906,33981,16924,17057,38172,18366,19806,20070,9288,10782,38.900002,37.700001,40
16,55,Idaho,Kootenai County,2010,138848,68429,70419,8966,4609,4357,17263,8789,8474,7977,4170,3807,12045,6109,5936,34046,16959,17087,38314,18414,19900,20237,9379,10858,38.900002,37.700001,40.099998
16,55,Idaho,Kootenai County,2011,140932,69493,71439,9072,4676,4396,17308,8834,8474,8043,4200,3843,12251,6230,6021,34420,17167,17253,38938,18684,20254,20900,9702,11198,39,37.700001,40.299999
16,55,Idaho,Kootenai County,2012,142084,70075,72009,8890,4596,4294,17431,8955,8476,7968,4116,3852,12333,6297,6036,34499,17141,17358,38814,18638,20176,22149,10332,11817,39.299999,38,40.599998
16,55,Idaho,Kootenai County,2013,143897,70998,72899,8795,4468,4327,17451,8987,8464,8013,4121,3892,12312,6366,5946,34902,17386,17516,39015,18727,20288,23409,10943,12466,39.700001,38.400002,40.900002
16,55,Idaho,Kootenai County,2014,146529,72309,74220,8912,4512,4400,17515,9048,8467,8216,4207,4009,12253,6394,5859,35660,17801,17859,39319,18845,20474,24654,11502,13152,39.799999,38.5,41.099998
16,55,Idaho,Kootenai County,2015,149367,73708,75659,9044,4613,4431,17619,9077,8542,8295,4232,4063,12056,6281,5775,36466,18198,18268,39924,19193,20731,25963,12114,13849,40,38.599998,41.200001
16,55,Idaho,Kootenai County,2016,153019,75453,77566,9217,4686,4531,17939,9223,8716,8392,4296,4096,12033,6279,5754,37479,18617,18862,40496,19564,20932,27463,12788,14675,40.099998,38.799999,41.299999
16,55,Idaho,Kootenai County,2017,157320,77650,79670,9596,4843,4753,18225,9414,8811,8420,4295,4125,12133,6356,5777,38810,19316,19494,41182,19917,21265,28954,13509,15445,40.200001,39,41.400002
16,55,Idaho,Kootenai County,2018,161209,79658,81551,9652,4980,4672,18559,9610,8949,8527,4361,4166,12098,6328,5770,40206,19993,20213,41631,20152,21479,30536,14234,16302,40.5,39.200001,41.700001
16,55,Idaho,Kootenai County,2019,165697,81998,83699,9796,5066,4730,19044,9823,9221,8639,4457,4182,12184,6366,5818,41704,20814,20890,42137,20500,21637,32193,14972,17221,40.700001,39.400002,41.900002
16,57,Idaho,Latah County,2010c,37244,19163,18081,2128,1058,1070,3309,1694,1615,1532,813,719,9451,5094,4357,8848,4682,4166,8118,4016,4102,3858,1806,2052,28.299999,27.4,29.299999
16,57,Idaho,Latah County,2010b,37243,19163,18080,2128,1058,1070,3308,1694,1614,1532,813,719,9451,5094,4357,8847,4681,4166,8119,4017,4102,3858,1806,2052,28.299999,27.4,29.299999
16,57,Idaho,Latah County,2010,37255,19186,18069,2118,1058,1060,3321,1693,1628,1545,824,721,9472,5117,4355,8832,4674,4158,8112,4011,4101,3855,1809,2046,28.200001,27.4,29.299999
16,57,Idaho,Latah County,2011,37855,19466,18389,2198,1119,1079,3398,1707,1691,1533,811,722,9737,5263,4474,8946,4710,4236,8106,3989,4117,3937,1867,2070,28.200001,27.299999,29.200001
16,57,Idaho,Latah County,2012,38094,19628,18466,2228,1145,1083,3362,1694,1668,1495,778,717,9917,5385,4532,8934,4705,4229,8023,3955,4068,4135,1966,2169,28.200001,27.200001,29.4
16,57,Idaho,Latah County,2013,38220,19659,18561,2159,1105,1054,3372,1721,1651,1553,788,765,9881,5366,4515,9001,4702,4299,7978,3959,4019,4276,2018,2258,28.4,27.299999,29.6
16,57,Idaho,Latah County,2014,38517,19801,18716,2127,1067,1060,3465,1779,1686,1533,772,761,9893,5365,4528,9131,4790,4341,7904,3909,3995,4464,2119,2345,28.5,27.299999,29.9
16,57,Idaho,Latah County,2015,38796,19868,18928,2137,1049,1088,3507,1807,1700,1623,809,814,9729,5249,4480,9229,4836,4393,7909,3872,4037,4662,2246,2416,28.6,27.5,29.9
16,57,Idaho,Latah County,2016,39050,20011,19039,2151,1048,1103,3552,1825,1727,1640,822,818,9385,5055,4330,9511,5018,4493,7884,3859,4025,4927,2384,2543,29,27.9,30.299999
16,57,Idaho,Latah County,2017,39741,20300,19441,2186,1052,1134,3635,1873,1762,1583,799,784,9574,5136,4438,9731,5102,4629,7883,3854,4029,5149,2484,2665,29,28,30.1
16,57,Idaho,Latah County,2018,39829,20268,19561,2152,1049,1103,3696,1888,1808,1600,813,787,9214,4878,4336,9897,5179,4718,7856,3865,3991,5414,2596,2818,29.700001,28.700001,30.9
16,57,Idaho,Latah County,2019,40108,20365,19743,2123,1057,1066,3699,1856,1843,1563,789,774,9212,4856,4356,10030,5227,4803,7831,3888,3943,5650,2692,2958,30.1,29.299999,31.200001
16,59,Idaho,Lemhi County,2010c,7936,4049,3887,425,215,210,755,408,347,396,215,181,425,217,208,1433,712,721,2744,1381,1363,1758,901,857,49.700001,49.400002,50
16,59,Idaho,Lemhi County,2010b,7936,4049,3887,425,215,210,755,408,347,396,215,181,425,217,208,1433,712,721,2744,1381,1363,1758,901,857,49.700001,49.400002,50
16,59,Idaho,Lemhi County,2010,7953,4058,3895,431,220,211,765,411,354,391,213,178,435,222,213,1427,710,717,2745,1380,1365,1759,902,857,49.700001,49.400002,50
16,59,Idaho,Lemhi County,2011,7986,4081,3905,407,212,195,772,409,363,390,205,185,455,240,215,1433,723,710,2722,1359,1363,1807,933,874,50.099998,49.799999,50.400002
16,59,Idaho,Lemhi County,2012,7768,3963,3805,381,203,178,718,375,343,357,192,165,455,241,214,1372,689,683,2591,1282,1309,1894,981,913,51.200001,51.099998,51.299999
16,59,Idaho,Lemhi County,2013,7716,3923,3793,346,186,160,703,345,358,352,194,158,443,244,199,1359,679,680,2492,1227,1265,2021,1048,973,52,52,52.099998
16,59,Idaho,Lemhi County,2014,7724,3950,3774,361,202,159,714,366,348,351,187,164,429,241,188,1373,686,687,2388,1163,1225,2108,1105,1003,52.299999,52.099998,52.5
16,59,Idaho,Lemhi County,2015,7737,3921,3816,353,185,168,721,388,333,338,164,174,436,241,195,1383,674,709,2312,1125,1187,2194,1144,1050,52.700001,52.700001,52.700001
16,59,Idaho,Lemhi County,2016,7709,3916,3793,351,174,177,741,400,341,333,169,164,414,229,185,1384,682,702,2233,1082,1151,2253,1180,1073,53,52.900002,53.099998
16,59,Idaho,Lemhi County,2017,7829,3961,3868,357,180,177,734,381,353,372,182,190,419,235,184,1443,719,724,2199,1064,1135,2305,1200,1105,52.900002,52.799999,52.900002
16,59,Idaho,Lemhi County,2018,7932,4019,3913,388,204,184,744,395,349,355,185,170,426,230,196,1483,732,751,2152,1047,1105,2384,1226,1158,53,52.599998,53.299999
16,59,Idaho,Lemhi County,2019,8027,4056,3971,396,206,190,758,393,365,343,193,150,422,207,215,1544,768,776,2105,1031,1074,2459,1258,1201,52.599998,52.200001,52.799999
16,61,Idaho,Lewis County,2010c,3821,1916,1905,238,114,124,422,205,217,188,101,87,225,136,89,689,335,354,1225,631,594,834,394,440,48,47.599998,48.299999
16,61,Idaho,Lewis County,2010b,3821,1916,1905,238,114,124,422,205,217,188,101,87,225,136,89,689,335,354,1225,631,594,834,394,440,48,47.599998,48.299999
16,61,Idaho,Lewis County,2010,3820,1917,1903,235,117,118,420,201,219,186,100,86,229,136,93,687,336,351,1221,626,595,842,401,441,48.099998,47.799999,48.5
16,61,Idaho,Lewis County,2011,3806,1905,1901,218,114,104,435,207,228,176,95,81,231,125,106,703,347,356,1179,599,580,864,418,446,48.299999,48.299999,48.400002
16,61,Idaho,Lewis County,2012,3820,1919,1901,218,112,106,452,223,229,180,98,82,238,132,106,721,360,361,1138,574,564,873,420,453,47.700001,47.599998,47.700001
16,61,Idaho,Lewis County,2013,3805,1907,1898,221,104,117,458,228,230,181,93,88,235,134,101,694,354,340,1118,569,549,898,425,473,47.900002,47.299999,48.400002
16,61,Idaho,Lewis County,2014,3813,1897,1916,219,101,118,478,235,243,188,99,89,225,124,101,682,340,342,1113,571,542,908,427,481,47.799999,47.5,48.099998
16,61,Idaho,Lewis County,2015,3791,1887,1904,214,105,109,465,228,237,192,101,91,215,109,106,692,349,343,1074,539,535,939,456,483,47.799999,47.799999,47.900002
16,61,Idaho,Lewis County,2016,3846,1927,1919,228,117,111,479,245,234,202,101,101,230,117,113,688,339,349,1066,533,533,953,475,478,47.299999,47.599998,47
16,61,Idaho,Lewis County,2017,3884,1951,1933,235,123,112,462,239,223,217,116,101,236,120,116,688,335,353,1070,530,540,976,488,488,47.599998,47.599998,47.599998
16,61,Idaho,Lewis County,2018,3832,1948,1884,197,110,87,453,238,215,207,108,99,223,120,103,704,350,354,1041,508,533,1007,514,493,48.599998,48.200001,48.799999
16,61,Idaho,Lewis County,2019,3838,1954,1884,176,98,78,442,235,207,213,104,109,222,125,97,722,348,374,1032,499,533,1031,545,486,49.200001,49.599998,49
16,63,Idaho,Lincoln County,2010c,5208,2691,2517,450,228,222,877,448,429,372,181,191,424,224,200,1307,701,606,1205,634,571,573,275,298,32,32.400002,31.4
16,63,Idaho,Lincoln County,2010b,5206,2690,2516,450,228,222,877,448,429,372,181,191,424,224,200,1307,701,606,1205,634,571,571,274,297,32,32.299999,31.299999
16,63,Idaho,Lincoln County,2010,5206,2686,2520,446,227,219,878,446,432,368,179,189,432,228,204,1309,700,609,1208,637,571,565,269,296,31.9,32.400002,31.299999
16,63,Idaho,Lincoln County,2011,5132,2683,2449,446,244,202,857,437,420,344,174,170,434,233,201,1296,697,599,1191,624,567,564,274,290,32.299999,32.400002,32.099998
16,63,Idaho,Lincoln County,2012,5262,2744,2518,457,253,204,877,443,434,348,182,166,445,234,211,1324,708,616,1211,622,589,600,302,298,32.5,32.5,32.5
16,63,Idaho,Lincoln County,2013,5329,2780,2549,429,236,193,907,470,437,341,182,159,448,233,215,1339,697,642,1227,640,587,638,322,316,33.099998,33,33.200001
16,63,Idaho,Lincoln County,2014,5331,2791,2540,392,217,175,909,488,421,372,190,182,471,258,213,1325,676,649,1222,635,587,640,327,313,33.5,33.200001,33.700001
16,63,Idaho,Lincoln County,2015,5307,2746,2561,393,222,171,862,451,411,386,183,203,455,241,214,1350,695,655,1213,627,586,648,327,321,34.200001,34.299999,34.099998
16,63,Idaho,Lincoln County,2016,5303,2762,2541,351,190,161,857,466,391,414,196,218,439,228,211,1354,700,654,1199,625,574,689,357,332,34.599998,34.700001,34.5
16,63,Idaho,Lincoln County,2017,5376,2774,2602,378,200,178,840,447,393,386,183,203,447,221,226,1399,729,670,1206,621,585,720,373,347,34.900002,35.200001,34.400002
16,63,Idaho,Lincoln County,2018,5398,2800,2598,365,197,168,794,413,381,388,194,194,467,235,232,1401,745,656,1241,630,611,742,386,356,35.5,35.900002,35
16,63,Idaho,Lincoln County,2019,5366,2779,2587,341,193,148,748,374,374,379,202,177,478,235,243,1380,728,652,1281,659,622,759,388,371,36.599998,37.099998,35.900002
16,65,Idaho,Madison County,2010c,37536,18186,19350,3594,1904,1690,4369,2212,2157,1785,922,863,13659,5718,7941,7747,4363,3384,4290,2119,2171,2092,948,1144,22.6,23.6,21.6
16,65,Idaho,Madison County,2010b,37548,18192,19356,3594,1904,1690,4369,2212,2157,1785,922,863,13659,5718,7941,7751,4365,3386,4292,2120,2172,2098,951,1147,22.6,23.6,21.6
16,65,Idaho,Madison County,2010,37592,18246,19346,3608,1903,1705,4394,2227,2167,1786,920,866,13460,5633,7827,7926,4477,3449,4314,2128,2186,2104,958,1146,22.6,23.6,21.6
16,65,Idaho,Madison County,2011,37908,18588,19320,3653,1931,1722,4437,2258,2179,1817,933,884,12912,5503,7409,8443,4775,3668,4494,2208,2286,2152,980,1172,22.799999,23.700001,22.1
16,65,Idaho,Madison County,2012,37662,18606,19056,3688,1944,1744,4415,2253,2162,1885,974,911,12288,5364,6924,8618,4844,3774,4560,2225,2335,2208,1002,1206,23,23.6,22.299999
16,65,Idaho,Madison County,2013,37527,18676,18851,3663,1866,1797,4512,2313,2199,1939,993,946,11845,5415,6430,8651,4797,3854,4647,2262,2385,2270,1030,1240,23,23.6,22.299999
16,65,Idaho,Madison County,2014,37900,18962,18938,3784,1907,1877,4547,2357,2190,1983,1002,981,11635,5481,6154,8933,4855,4078,4710,2310,2400,2308,1050,1258,23.1,23.6,22.299999
16,65,Idaho,Madison County,2015,37989,19109,18880,3883,1978,1905,4534,2330,2204,2009,1001,1008,11415,5493,5922,8958,4876,4082,4782,2340,2442,2408,1091,1317,23.200001,23.700001,22.4
16,65,Idaho,Madison County,2016,38972,19585,19387,3859,1920,1939,4552,2313,2239,2165,1108,1057,11885,5643,6242,9146,5085,4061,4863,2373,2490,2502,1143,1359,23.200001,23.799999,22.4
16,65,Idaho,Madison County,2017,39370,19939,19431,3885,2015,1870,4602,2323,2279,2152,1094,1058,12062,5780,6282,9239,5175,4064,4823,2341,2482,2607,1211,1396,23.200001,23.799999,22.4
16,65,Idaho,Madison County,2018,39261,19912,19349,3804,1999,1805,4562,2292,2270,2196,1127,1069,12192,5845,6347,9017,5056,3961,4784,2333,2451,2706,1260,1446,23.299999,23.700001,22.5
16,65,Idaho,Madison County,2019,39907,20227,19680,3875,2035,1840,4557,2282,2275,2263,1168,1095,12459,5991,6468,9179,5122,4057,4745,2301,2444,2829,1328,1501,23.299999,23.700001,22.6
16,67,Idaho,Minidoka County,2010c,20069,10154,9915,1686,877,809,2794,1455,1339,1413,719,694,1685,942,743,4504,2289,2215,5018,2501,2517,2969,1371,1598,35.299999,33.900002,37.099998
16,67,Idaho,Minidoka County,2010b,20055,10149,9906,1684,876,808,2790,1454,1336,1412,719,693,1685,942,743,4500,2287,2213,5018,2501,2517,2966,1370,1596,35.299999,33.900002,37.099998
16,67,Idaho,Minidoka County,2010,20083,10159,9924,1708,881,827,2777,1454,1323,1387,710,677,1711,949,762,4497,2287,2210,5019,2499,2520,2984,1379,1605,35.400002,33.900002,37.099998
16,67,Idaho,Minidoka County,2011,20207,10214,9993,1686,847,839,2837,1489,1348,1320,682,638,1813,970,843,4526,2327,2199,5024,2500,2524,3001,1399,1602,35.400002,34.299999,36.700001
16,67,Idaho,Minidoka County,2012,20152,10150,10002,1686,828,858,2837,1489,1348,1274,648,626,1818,959,859,4526,2348,2178,4965,2449,2516,3046,1429,1617,35.5,34.5,36.599998
16,67,Idaho,Minidoka County,2013,20400,10310,10090,1690,832,858,2850,1495,1355,1281,649,632,1917,1010,907,4623,2408,2215,4922,2452,2470,3117,1464,1653,35.299999,34.5,36.200001
16,67,Idaho,Minidoka County,2014,20339,10290,10049,1652,829,823,2899,1499,1400,1312,693,619,1855,971,884,4590,2370,2220,4874,2442,2432,3157,1486,1671,35.599998,34.799999,36.5
16,67,Idaho,Minidoka County,2015,20430,10291,10139,1581,781,800,2999,1547,1452,1284,672,612,1888,966,922,4632,2401,2231,4816,2403,2413,3230,1521,1709,35.599998,34.799999,36.400002
16,67,Idaho,Minidoka County,2016,20613,10365,10248,1606,800,806,3013,1526,1487,1257,653,604,1952,1003,949,4706,2439,2267,4795,2397,2398,3284,1547,1737,35.299999,34.700001,35.900002
16,67,Idaho,Minidoka County,2017,20722,10356,10366,1625,797,828,3056,1542,1514,1230,643,587,1878,951,927,4812,2475,2337,4783,2376,2407,3338,1572,1766,35.299999,34.700001,35.799999
16,67,Idaho,Minidoka County,2018,20719,10363,10356,1636,812,824,3060,1536,1524,1184,610,574,1847,942,905,4921,2533,2388,4700,2348,2352,3371,1582,1789,35,34.599998,35.5
16,67,Idaho,Minidoka County,2019,21039,10512,10527,1614,790,824,3142,1591,1551,1261,655,606,1812,910,902,5099,2617,2482,4694,2348,2346,3417,1601,1816,34.900002,34.599998,35.200001
16,69,Idaho,Nez Perce County,2010c,39265,19468,19797,2218,1172,1046,4291,2208,2083,2006,1068,938,3927,1940,1987,9145,4655,4490,10615,5262,5353,7063,3163,3900,40.799999,39.400002,42.299999
16,69,Idaho,Nez Perce County,2010b,39270,19470,19800,2218,1172,1046,4292,2208,2084,2006,1068,938,3927,1940,1987,9146,4656,4490,10616,5262,5354,7065,3164,3901,40.799999,39.400002,42.299999
16,69,Idaho,Nez Perce County,2010,39315,19481,19834,2209,1168,1041,4303,2204,2099,1994,1064,930,3910,1932,1978,9181,4667,4514,10649,5281,5368,7069,3165,3904,40.900002,39.400002,42.299999
16,69,Idaho,Nez Perce County,2011,39438,19525,19913,2242,1188,1054,4333,2211,2122,1971,1049,922,3857,1919,1938,9210,4676,4534,10731,5316,5415,7094,3166,3928,41,39.299999,42.400002
16,69,Idaho,Nez Perce County,2012,39504,19572,19932,2293,1231,1062,4254,2208,2046,1939,1022,917,3865,1902,1963,9244,4698,4546,10685,5264,5421,7224,3247,3977,41.099998,39.400002,42.700001
16,69,Idaho,Nez Perce County,2013,39798,19716,20082,2379,1245,1134,4253,2220,2033,2007,1061,946,3811,1913,1898,9327,4715,4612,10639,5239,5400,7382,3323,4059,40.900002,39.299999,42.599998
16,69,Idaho,Nez Perce County,2014,39841,19734,20107,2427,1228,1199,4199,2248,1951,2032,1066,966,3696,1835,1861,9395,4757,4638,10611,5202,5409,7481,3398,4083,40.900002,39.5,42.5
16,69,Idaho,Nez Perce County,2015,39995,19796,20199,2453,1249,1204,4180,2205,1975,1975,1015,960,3708,1865,1843,9483,4798,4685,10535,5177,5358,7661,3487,4174,40.900002,39.599998,42.400002
16,69,Idaho,Nez Perce County,2016,40136,19863,20273,2496,1271,1225,4184,2174,2010,1993,1020,973,3549,1819,1730,9719,4920,4799,10464,5138,5326,7731,3521,4210,40.799999,39.400002,42.099998
16,69,Idaho,Nez Perce County,2017,40289,19934,20355,2436,1228,1208,4302,2225,2077,1928,985,943,3571,1806,1765,9894,5032,4862,10331,5087,5244,7827,3571,4256,40.5,39.099998,41.799999
16,69,Idaho,Nez Perce County,2018,40256,19867,20389,2385,1193,1192,4257,2190,2067,1914,996,918,3485,1750,1735,9971,5046,4925,10248,5040,5208,7996,3652,4344,40.799999,39.400002,42.099998
16,69,Idaho,Nez Perce County,2019,40408,19933,20475,2336,1162,1174,4342,2225,2117,1954,1005,949,3417,1722,1695,9969,5026,4943,10222,5025,5197,8168,3768,4400,40.900002,39.599998,42.200001
16,71,Idaho,Oneida County,2010c,4286,2191,2095,327,171,156,655,347,308,301,172,129,245,127,118,879,438,441,1165,596,569,714,340,374,39.099998,38.200001,40.099998
16,71,Idaho,Oneida County,2010b,4286,2191,2095,327,171,156,655,347,308,301,172,129,245,127,118,879,438,441,1165,596,569,714,340,374,39.099998,38.200001,40.099998
16,71,Idaho,Oneida County,2010,4290,2187,2103,328,169,159,657,347,310,300,171,129,252,132,120,881,438,443,1163,593,570,709,337,372,39,38.099998,39.900002
16,71,Idaho,Oneida County,2011,4233,2140,2093,313,151,162,640,333,307,273,149,124,272,148,124,863,428,435,1162,591,571,710,340,370,39.599998,39.099998,40.200001
16,71,Idaho,Oneida County,2012,4225,2142,2083,311,145,166,613,324,289,274,157,117,289,154,135,854,422,432,1152,586,566,732,354,378,39.799999,39.299999,40.299999
16,71,Idaho,Oneida County,2013,4257,2142,2115,300,148,152,636,327,309,277,149,128,284,157,127,854,415,439,1140,580,560,766,366,400,40.099998,39.599998,40.599998
16,71,Idaho,Oneida County,2014,4178,2095,2083,282,136,146,630,328,302,261,139,122,287,153,134,832,403,429,1098,556,542,788,380,408,40.299999,40.099998,40.599998
16,71,Idaho,Oneida County,2015,4248,2130,2118,280,136,144,640,331,309,296,154,142,304,162,142,847,411,436,1077,546,531,804,390,414,39.299999,39.299999,39.400002
16,71,Idaho,Oneida County,2016,4296,2137,2159,266,123,143,669,346,323,300,151,149,297,163,134,862,419,443,1075,542,533,827,393,434,39.200001,38.900002,39.400002
16,71,Idaho,Oneida County,2017,4389,2202,2187,278,120,158,677,361,316,307,169,138,288,158,130,887,434,453,1097,558,539,855,402,453,39.700001,39,40.299999
16,71,Idaho,Oneida County,2018,4462,2239,2223,275,130,145,695,356,339,304,169,135,299,160,139,915,454,461,1077,543,534,897,427,470,39.799999,39.099998,40.5
16,71,Idaho,Oneida County,2019,4531,2272,2259,293,141,152,678,347,331,313,165,148,306,164,142,945,474,471,1070,537,533,926,444,482,39.900002,39.299999,40.5
16,73,Idaho,Owyhee County,2010c,11526,5895,5631,886,449,437,1693,842,851,790,396,394,927,516,411,2681,1385,1296,2937,1529,1408,1612,778,834,36,35.700001,36.400002
16,73,Idaho,Owyhee County,2010b,11526,5895,5631,886,449,437,1693,842,851,790,396,394,927,516,411,2681,1385,1296,2937,1529,1408,1612,778,834,36,35.700001,36.400002
16,73,Idaho,Owyhee County,2010,11473,5861,5612,874,448,426,1683,831,852,789,393,396,922,512,410,2661,1373,1288,2932,1525,1407,1612,779,833,36.099998,35.799999,36.400002
16,73,Idaho,Owyhee County,2011,11376,5810,5566,818,421,397,1629,806,823,776,389,387,968,526,442,2611,1358,1253,2941,1519,1422,1633,791,842,36.599998,36.200001,37
16,73,Idaho,Owyhee County,2012,11409,5856,5553,775,383,392,1635,840,795,786,405,381,985,523,462,2591,1337,1254,2924,1529,1395,1713,839,874,37.099998,36.799999,37.400002
16,73,Idaho,Owyhee County,2013,11394,5830,5564,776,394,382,1634,833,801,733,377,356,1001,530,471,2580,1327,1253,2923,1508,1415,1747,861,886,37.299999,36.900002,37.700001
16,73,Idaho,Owyhee County,2014,11288,5801,5487,735,377,358,1584,810,774,709,381,328,1022,538,484,2499,1279,1220,2913,1501,1412,1826,915,911,38.200001,37.599998,38.700001
16,73,Idaho,Owyhee County,2015,11288,5787,5501,727,394,333,1570,790,780,698,358,340,1006,535,471,2519,1284,1235,2904,1480,1424,1864,946,918,38.599998,38.200001,39.099998
16,73,Idaho,Owyhee County,2016,11364,5781,5583,728,379,349,1542,756,786,740,379,361,994,534,460,2461,1257,1204,2952,1487,1465,1947,989,958,38.900002,38.700001,39.099998
16,73,Idaho,Owyhee County,2017,11618,5908,5710,764,389,375,1561,782,779,749,374,375,990,529,461,2554,1295,1259,2976,1502,1474,2024,1037,987,38.799999,38.599998,39.099998
16,73,Idaho,Owyhee County,2018,11669,5963,5706,753,368,385,1541,791,750,741,377,364,974,536,438,2616,1322,1294,2957,1497,1460,2087,1072,1015,39.099998,38.799999,39.5
16,73,Idaho,Owyhee County,2019,11823,6046,5777,753,379,374,1498,774,724,756,391,365,982,512,470,2698,1382,1316,3002,1527,1475,2134,1081,1053,39.299999,39,39.700001
16,75,Idaho,Payette County,2010c,22623,11191,11432,1738,882,856,3209,1666,1543,1537,787,750,1746,884,862,5267,2583,2684,5664,2757,2907,3462,1632,1830,37.200001,36,38.200001
16,75,Idaho,Payette County,2010b,22622,11191,11431,1738,882,856,3209,1666,1543,1537,787,750,1746,884,862,5267,2583,2684,5663,2757,2906,3462,1632,1830,37.099998,36,38.200001
16,75,Idaho,Payette County,2010,22637,11206,11431,1745,881,864,3191,1663,1528,1523,782,741,1752,887,865,5245,2578,2667,5687,2768,2919,3494,1647,1847,37.299999,36,38.400002
16,75,Idaho,Payette County,2011,22547,11158,11389,1731,854,877,3108,1618,1490,1478,772,706,1786,914,872,5148,2511,2637,5732,2804,2928,3564,1685,1879,37.599998,36.400002,38.799999
16,75,Idaho,Payette County,2012,22675,11260,11415,1649,819,830,3175,1651,1524,1379,727,652,1895,990,905,5136,2503,2633,5737,2802,2935,3704,1768,1936,37.900002,36.599998,39.200001
16,75,Idaho,Payette County,2013,22550,11197,11353,1574,795,779,3140,1613,1527,1375,719,656,1887,993,894,5084,2498,2586,5731,2797,2934,3759,1782,1977,38.099998,37,39.400002
16,75,Idaho,Payette County,2014,22754,11296,11458,1602,820,782,3145,1623,1522,1390,727,663,1913,1016,897,5064,2466,2598,5762,2801,2961,3878,1843,2035,38.400002,37.200001,39.5
16,75,Idaho,Payette County,2015,22790,11343,11447,1598,825,773,3157,1610,1547,1404,744,660,1854,961,893,5100,2512,2588,5731,2799,2932,3946,1892,2054,38.5,37.5,39.400002
16,75,Idaho,Payette County,2016,22888,11454,11434,1559,815,744,3178,1658,1520,1448,770,678,1785,951,834,5149,2521,2628,5753,2817,2936,4016,1922,2094,38.599998,37.299999,39.799999
16,75,Idaho,Payette County,2017,23163,11524,11639,1529,785,744,3192,1631,1561,1414,751,663,1810,950,860,5245,2570,2675,5788,2819,2969,4185,2018,2167,38.799999,37.799999,39.799999
16,75,Idaho,Payette County,2018,23507,11736,11771,1527,788,739,3143,1615,1528,1479,772,707,1789,946,843,5404,2671,2733,5862,2876,2986,4303,2068,2235,39.099998,38.099998,40.099998
16,75,Idaho,Payette County,2019,23951,11981,11970,1577,816,761,3185,1648,1537,1433,746,687,1853,978,875,5541,2744,2797,5901,2903,2998,4461,2146,2315,39.200001,38.099998,40.299999
16,77,Idaho,Power County,2010c,7817,4025,3792,718,368,350,1176,618,558,520,263,257,728,404,324,1785,924,861,1943,988,955,947,460,487,33.200001,32.700001,33.799999
16,77,Idaho,Power County,2010b,7819,4026,3793,718,368,350,1176,618,558,520,263,257,728,404,324,1785,924,861,1943,988,955,949,461,488,33.299999,32.799999,33.799999
16,77,Idaho,Power County,2010,7872,4053,3819,725,367,358,1190,629,561,518,260,258,731,405,326,1800,929,871,1944,994,950,964,469,495,33.200001,32.700001,33.700001
16,77,Idaho,Power County,2011,7780,4014,3766,732,363,369,1160,611,549,499,255,244,718,392,326,1763,915,848,1924,1004,920,984,474,510,33.700001,33.200001,34.200001
16,77,Idaho,Power County,2012,7830,4002,3828,752,375,377,1176,595,581,498,250,248,723,397,326,1739,884,855,1928,1010,918,1014,491,523,33.299999,33.200001,33.400002
16,77,Idaho,Power County,2013,7791,3975,3816,722,360,362,1193,611,582,492,266,226,713,374,339,1698,864,834,1935,999,936,1038,501,537,33.700001,33.400002,34
16,77,Idaho,Power County,2014,7729,3958,3771,698,349,349,1190,613,577,506,270,236,696,361,335,1661,856,805,1905,988,917,1073,521,552,33.900002,33.599998,34.200001
16,77,Idaho,Power County,2015,7687,3911,3776,688,347,341,1204,604,600,495,263,232,681,358,323,1689,857,832,1849,954,895,1081,528,553,33.700001,33.599998,33.799999
16,77,Idaho,Power County,2016,7681,3895,3786,657,327,330,1242,630,612,495,257,238,665,342,323,1713,868,845,1792,918,874,1117,553,564,33.5,33.299999,33.799999
16,77,Idaho,Power County,2017,7606,3858,3748,642,324,318,1226,612,614,493,254,239,656,334,322,1678,859,819,1748,905,843,1163,570,593,33.799999,33.799999,33.900002
16,77,Idaho,Power County,2018,7700,3903,3797,646,311,335,1240,638,602,506,254,252,657,333,324,1735,899,836,1724,883,841,1192,585,607,33.5,33.299999,33.700001
16,77,Idaho,Power County,2019,7681,3865,3816,612,290,322,1231,614,617,505,250,255,664,350,314,1776,912,864,1690,864,826,1203,585,618,33.799999,33.700001,33.900002
16,79,Idaho,Shoshone County,2010c,12765,6424,6341,620,313,307,1341,708,633,699,355,344,821,427,394,2688,1368,1320,4059,2055,2004,2537,1198,1339,46.200001,45.5,46.799999
16,79,Idaho,Shoshone County,2010b,12800,6438,6362,624,314,310,1348,711,637,700,355,345,821,427,394,2699,1373,1326,4063,2057,2006,2545,1201,1344,46.200001,45.5,46.799999
16,79,Idaho,Shoshone County,2010,12749,6404,6345,624,318,306,1346,704,642,686,346,340,823,427,396,2686,1367,1319,4041,2039,2002,2543,1203,1340,46.200001,45.5,46.799999
16,79,Idaho,Shoshone County,2011,12662,6338,6324,621,309,312,1336,685,651,673,340,333,828,433,395,2657,1342,1315,4008,2012,1996,2539,1217,1322,46.299999,45.799999,46.799999
16,79,Idaho,Shoshone County,2012,12703,6356,6347,630,303,327,1291,660,631,687,340,347,901,475,426,2645,1339,1306,3956,2008,1948,2593,1231,1362,46.200001,45.599998,46.900002
16,79,Idaho,Shoshone County,2013,12673,6328,6345,639,315,324,1272,645,627,634,314,320,936,494,442,2624,1323,1301,3940,1998,1942,2628,1239,1389,46.599998,46,47.299999
16,79,Idaho,Shoshone County,2014,12375,6187,6188,648,313,335,1238,633,605,589,308,281,878,456,422,2532,1281,1251,3821,1926,1895,2669,1270,1399,47,46.299999,47.900002
16,79,Idaho,Shoshone County,2015,12440,6261,6179,690,356,334,1208,628,580,589,303,286,906,495,411,2507,1262,1245,3778,1890,1888,2762,1327,1435,47,46.099998,48
16,79,Idaho,Shoshone County,2016,12416,6253,6163,718,392,326,1188,610,578,568,276,292,880,466,414,2545,1312,1233,3732,1849,1883,2785,1348,1437,47.099998,46.099998,48.099998
16,79,Idaho,Shoshone County,2017,12519,6320,6199,751,417,334,1199,613,586,589,289,300,849,451,398,2626,1345,1281,3679,1838,1841,2826,1367,1459,46.799999,45.599998,47.900002
16,79,Idaho,Shoshone County,2018,12790,6438,6352,782,430,352,1267,624,643,592,300,292,879,457,422,2719,1400,1319,3639,1806,1833,2912,1421,1491,46.099998,45.099998,47.099998
16,79,Idaho,Shoshone County,2019,12882,6474,6408,804,425,379,1242,614,628,591,293,298,873,456,417,2754,1427,1327,3637,1809,1828,2981,1450,1531,46.299999,45.299999,47.400002
16,81,Idaho,Teton County,2010c,10170,5321,4849,983,469,514,1473,771,702,567,306,261,668,372,296,3500,1823,1677,2315,1238,1077,664,342,322,33.200001,33.700001,32.700001
16,81,Idaho,Teton County,2010b,10165,5319,4846,983,469,514,1473,771,702,567,306,261,668,372,296,3499,1823,1676,2315,1238,1077,660,340,320,33.200001,33.700001,32.700001
16,81,Idaho,Teton County,2010,10151,5291,4860,983,469,514,1480,776,704,557,298,259,666,370,296,3476,1797,1679,2325,1238,1087,664,343,321,33.299999,33.799999,32.799999
16,81,Idaho,Teton County,2011,10161,5298,4863,947,456,491,1475,773,702,529,280,249,664,388,276,3421,1767,1654,2399,1258,1141,726,376,350,34.099998,34.5,33.700001
16,81,Idaho,Teton County,2012,10125,5265,4860,871,423,448,1506,774,732,550,292,258,641,377,264,3287,1691,1596,2476,1297,1179,794,411,383,35,35.299999,34.700001
16,81,Idaho,Teton County,2013,10399,5418,4981,862,424,438,1507,776,731,592,319,273,641,368,273,3329,1728,1601,2597,1355,1242,871,448,423,35.599998,35.799999,35.400002
16,81,Idaho,Teton County,2014,10436,5465,4971,813,418,395,1452,747,705,603,325,278,693,389,304,3219,1684,1535,2677,1406,1271,979,496,483,36.400002,36.400002,36.5
16,81,Idaho,Teton County,2015,10725,5597,5128,774,394,380,1503,775,728,618,314,304,717,405,312,3265,1712,1553,2808,1460,1348,1040,537,503,36.799999,36.799999,36.799999
16,81,Idaho,Teton County,2016,11165,5859,5306,802,399,403,1521,795,726,610,315,295,783,460,323,3354,1753,1601,2941,1534,1407,1154,603,551,37.099998,37.099998,37.099998
16,81,Idaho,Teton County,2017,11445,5993,5452,756,378,378,1562,810,752,571,300,271,805,461,344,3368,1752,1616,3110,1624,1486,1273,668,605,37.799999,37.900002,37.700001
16,81,Idaho,Teton County,2018,11651,6116,5535,718,361,357,1561,799,762,572,313,259,798,441,357,3427,1809,1618,3124,1620,1504,1451,773,678,38.599998,38.700001,38.5
16,81,Idaho,Teton County,2019,12142,6372,5770,702,345,357,1565,805,760,623,343,280,813,444,369,3573,1862,1711,3270,1711,1559,1596,862,734,39.099998,39.299999,38.900002
16,83,Idaho,Twin Falls County,2010c,77230,38115,39115,6367,3201,3166,10345,5267,5078,4432,2224,2208,7580,3743,3837,19209,9802,9407,18591,9099,9492,10706,4779,5927,34.400002,33.599998,35.299999
16,83,Idaho,Twin Falls County,2010b,77241,38120,39121,6370,3203,3167,10346,5267,5079,4432,2224,2208,7583,3744,3839,19212,9803,9409,18592,9100,9492,10706,4779,5927,34.400002,33.599998,35.200001
16,83,Idaho,Twin Falls County,2010,77545,38269,39276,6404,3224,3180,10429,5313,5116,4452,2240,2212,7547,3715,3832,19346,9865,9481,18627,9121,9506,10740,4791,5949,34.400002,33.599998,35.200001
16,83,Idaho,Twin Falls County,2011,78100,38553,39547,6407,3233,3174,10589,5412,5177,4406,2243,2163,7387,3615,3772,19671,9997,9674,18750,9181,9569,10890,4872,6018,34.5,33.700001,35.400002
16,83,Idaho,Twin Falls County,2012,78550,38758,39792,6247,3180,3067,10809,5480,5329,4465,2292,2173,7324,3608,3716,19846,10034,9812,18578,9078,9500,11281,5086,6195,34.700001,33.799999,35.599998
16,83,Idaho,Twin Falls County,2013,79894,39402,40492,6292,3151,3141,11261,5723,5538,4561,2313,2248,7340,3639,3701,20371,10271,10100,18535,9092,9443,11534,5213,6321,34.5,33.799999,35.299999
16,83,Idaho,Twin Falls County,2014,80986,39960,41026,6271,3150,3121,11519,5839,5680,4632,2374,2258,7425,3681,3744,20810,10472,10338,18524,9107,9417,11805,5337,6468,34.5,33.900002,35.200001
16,83,Idaho,Twin Falls County,2015,82245,40560,41685,6342,3244,3098,11812,5972,5840,4766,2447,2319,7277,3616,3661,21382,10681,10701,18604,9159,9445,12062,5441,6621,34.5,33.900002,35.200001
16,83,Idaho,Twin Falls County,2016,83819,41255,42564,6425,3251,3174,12092,6106,5986,4822,2448,2374,7256,3669,3587,22069,10976,11093,18730,9204,9526,12425,5601,6824,34.5,33.900002,35.099998
16,83,Idaho,Twin Falls County,2017,85374,42040,43334,6468,3217,3251,12412,6280,6132,4943,2524,2419,7188,3635,3553,22821,11308,11513,18715,9270,9445,12827,5806,7021,34.5,34,35
16,83,Idaho,Twin Falls County,2018,86029,42449,43580,6312,3196,3116,12387,6272,6115,5000,2519,2481,7179,3621,3558,23175,11527,11648,18762,9307,9455,13214,6007,7207,34.900002,34.400002,35.400002
16,83,Idaho,Twin Falls County,2019,86878,42819,44059,6194,3116,3078,12411,6278,6133,5199,2593,2606,7154,3628,3526,23368,11584,11784,18963,9431,9532,13589,6189,7400,35.200001,34.799999,35.700001
16,85,Idaho,Valley County,2010c,9862,5107,4755,512,267,245,1005,508,497,432,233,199,523,285,238,2222,1153,1069,3509,1810,1699,1659,851,808,46.900002,46.599998,47.299999
16,85,Idaho,Valley County,2010b,9854,5101,4753,508,263,245,1005,508,497,432,233,199,523,285,238,2221,1152,1069,3506,1809,1697,1659,851,808,46.900002,46.599998,47.299999
16,85,Idaho,Valley County,2010,9788,5071,4717,497,260,237,982,496,486,433,230,203,518,284,234,2183,1135,1048,3490,1802,1688,1685,864,821,47.299999,46.900002,47.700001
16,85,Idaho,Valley County,2011,9636,4976,4660,477,255,222,922,461,461,425,221,204,536,292,244,2112,1093,1019,3416,1751,1665,1748,903,845,48,47.799999,48.299999
16,85,Idaho,Valley County,2012,9536,4924,4612,459,237,222,892,451,441,403,215,188,542,279,263,2061,1071,990,3317,1693,1624,1862,978,884,48.799999,48.799999,48.900002
16,85,Idaho,Valley County,2013,9575,4971,4604,449,226,223,872,447,425,429,229,200,547,284,263,2030,1066,964,3255,1647,1608,1993,1072,921,49.299999,49.299999,49.299999
16,85,Idaho,Valley County,2014,9793,5116,4677,445,231,214,922,490,432,428,220,208,526,277,249,2113,1128,985,3222,1592,1630,2137,1178,959,49.099998,48.900002,49.200001
16,85,Idaho,Valley County,2015,10043,5223,4820,483,238,245,923,478,445,419,232,187,540,305,235,2164,1125,1039,3258,1609,1649,2256,1236,1020,49,48.700001,49.299999
16,85,Idaho,Valley County,2016,10422,5406,5016,503,257,246,972,496,476,437,247,190,555,302,253,2253,1171,1082,3283,1632,1651,2419,1301,1118,48.799999,48.5,49
16,85,Idaho,Valley County,2017,10667,5513,5154,523,267,256,995,501,494,436,233,203,563,306,257,2317,1200,1117,3227,1600,1627,2606,1406,1200,48.700001,48.599998,48.799999
16,85,Idaho,Valley County,2018,11021,5708,5313,519,268,251,1027,516,511,451,234,217,567,301,266,2457,1283,1174,3225,1609,1616,2775,1497,1278,48.700001,48.700001,48.700001
16,85,Idaho,Valley County,2019,11392,5912,5480,538,279,259,1066,560,506,478,235,243,581,320,261,2561,1328,1233,3213,1614,1599,2955,1576,1379,48.700001,48.5,48.900002
16,87,Idaho,Washington County,2010c,10198,5017,5181,575,277,298,1309,659,650,634,333,301,659,347,312,2068,1036,1032,2862,1384,1478,2091,981,1110,43.599998,42.599998,44.900002
16,87,Idaho,Washington County,2010b,10198,5017,5181,575,277,298,1309,659,650,634,333,301,659,347,312,2068,1036,1032,2862,1384,1478,2091,981,1110,43.599998,42.599998,44.900002
16,87,Idaho,Washington County,2010,10177,5013,5164,575,282,293,1303,655,648,632,327,305,663,348,315,2065,1034,1031,2850,1381,1469,2089,986,1103,43.599998,42.700001,44.799999
16,87,Idaho,Washington County,2011,10136,5005,5131,552,282,270,1295,646,649,631,312,319,693,366,327,2027,1007,1020,2830,1383,1447,2108,1009,1099,43.900002,43.200001,44.599998
16,87,Idaho,Washington County,2012,10030,4974,5056,519,283,236,1289,633,656,636,326,310,728,391,337,1950,961,989,2767,1363,1404,2141,1017,1124,44.099998,43,45
16,87,Idaho,Washington County,2013,9916,4944,4972,514,292,222,1197,578,619,630,326,304,745,394,351,1921,970,951,2732,1335,1397,2177,1049,1128,44.5,43.400002,45.599998
16,87,Idaho,Washington County,2014,9955,4956,4999,551,303,248,1195,587,608,613,313,300,764,403,361,1909,959,950,2692,1306,1386,2231,1085,1146,44.5,43.599998,45.5
16,87,Idaho,Washington County,2015,9891,4948,4943,567,313,254,1183,586,597,571,294,277,762,411,351,1863,930,933,2653,1282,1371,2292,1132,1160,45,43.900002,46.099998
16,87,Idaho,Washington County,2016,10032,4992,5040,591,307,284,1192,591,601,585,301,284,730,385,345,1914,963,951,2654,1293,1361,2366,1152,1214,45,44.099998,45.900002
16,87,Idaho,Washington County,2017,10051,4986,5065,577,280,297,1165,594,571,591,289,302,733,384,349,1894,965,929,2639,1269,1370,2452,1205,1247,45.599998,44.599998,46.5
16,87,Idaho,Washington County,2018,10115,5032,5083,578,285,293,1147,583,564,597,292,305,736,391,345,1910,972,938,2599,1238,1361,2548,1271,1277,45.900002,44.900002,46.799999
16,87,Idaho,Washington County,2019,10194,5075,5119,574,281,293,1136,584,552,596,270,326,729,405,324,1914,958,956,2602,1258,1344,2643,1319,1324,46.299999,45.700001,47
16,1,Idaho,Ada County,2020b,494961,249205,245756,26562,13541,13021,59339,30446,28893,28407,14556,13851,42871,22276,20595,140321,71803,68518,122695,61906,60789,74766,34677,40089,37.900002,37.200001,38.599998
16,1,Idaho,Ada County,2020,498278,250846,247432,26521,13514,13007,59286,30419,28867,28600,14657,13943,43353,22512,20841,141195,72270,68925,123427,62303,61124,75896,35171,40725,38,37.299999,38.700001
16,1,Idaho,Ada County,2021,513025,258368,254657,26506,13506,13000,59554,30526,29028,29476,15106,14370,44986,23345,21641,145606,74628,70978,126685,64094,62591,80212,37163,43049,38.299999,37.599998,39
16,1,Idaho,Ada County,2022,519004,261750,257254,26136,13393,12743,58445,29920,28525,29546,15173,14373,45957,23958,21999,146992,75671,71321,127901,64748,63153,84027,38887,45140,38.700001,38,39.5
16,1,Idaho,Ada County,2023,524673,264517,260156,25984,13366,12618,57237,29285,27952,29597,15217,14380,46930,24376,22554,148064,76400,71664,128825,65163,63662,88036,40710,47326,39.099998,38.299999,39.900002
16,3,Idaho,Adams County,2020b,4382,2305,2077,170,87,83,397,222,175,190,96,94,215,115,100,785,427,358,1314,649,665,1311,709,602,54.900002,54.299999,55.400002
16,3,Idaho,Adams County,2020,4428,2328,2100,176,89,87,398,223,175,192,99,93,220,116,104,802,438,364,1304,641,663,1336,722,614,54.700001,54.099998,55.299999
16,3,Idaho,Adams County,2021,4623,2430,2193,184,95,89,392,213,179,217,116,101,230,123,107,846,464,382,1338,661,677,1416,758,658,54,53,54.900002
16,3,Idaho,Adams County,2022,4791,2506,2285,179,90,89,416,223,193,232,124,108,246,130,116,905,496,409,1315,651,664,1498,792,706,53.400002,52.599998,54.200001
16,3,Idaho,Adams County,2023,4903,2566,2337,167,84,83,439,241,198,235,125,110,265,147,118,933,497,436,1307,655,652,1557,817,740,53.200001,52.200001,54.099998
16,5,Idaho,Bannock County,2020b,87019,43595,43424,5763,2922,2841,11529,5923,5606,5261,2681,2580,8976,4653,4323,24019,12106,11913,18759,9255,9504,12712,6055,6657,34.700001,34.099998,35.400002
16,5,Idaho,Bannock County,2020,87276,43723,43553,5743,2919,2824,11513,5907,5606,5300,2700,2600,9016,4670,4346,24091,12155,11936,18785,9270,9515,12828,6102,6726,34.799999,34.200001,35.400002
16,5,Idaho,Bannock County,2021,88515,44309,44206,5607,2868,2739,11575,5920,5655,5375,2739,2636,9303,4792,4511,24495,12342,12153,18910,9356,9554,13250,6292,6958,35,34.299999,35.599998
16,5,Idaho,Bannock County,2022,89625,44857,44768,5586,2854,2732,11512,5885,5627,5500,2820,2680,9247,4723,4524,25010,12651,12359,19086,9436,9650,13684,6488,7196,35.200001,34.599998,35.799999
16,5,Idaho,Bannock County,2023,90400,45232,45168,5442,2776,2666,11509,5845,5664,5491,2830,2661,9398,4800,4598,25340,12796,12544,19121,9483,9638,14099,6702,7397,35.400002,34.799999,35.900002
16,7,Idaho,Bear Lake County,2020b,6370,3194,3176,418,234,184,888,435,453,398,205,193,455,232,223,1383,704,679,1487,746,741,1341,638,703,40,39,41.200001
16,7,Idaho,Bear Lake County,2020,6367,3193,3174,424,236,188,883,433,450,396,204,192,462,236,226,1376,702,674,1479,739,740,1347,643,704,39.900002,39,41.099998
16,7,Idaho,Bear Lake County,2021,6567,3277,3290,454,254,200,903,435,468,408,201,207,470,237,233,1455,757,698,1508,737,771,1369,656,713,39.700001,38.900002,40.599998
16,7,Idaho,Bear Lake County,2022,6730,3356,3374,441,246,195,917,462,455,433,190,243,487,245,242,1476,767,709,1560,774,786,1416,672,744,40,39.299999,40.599998
16,7,Idaho,Bear Lake County,2023,6766,3382,3384,410,227,183,894,466,428,444,187,257,513,271,242,1478,761,717,1564,772,792,1463,698,765,40.299999,39.599998,41.299999
16,9,Idaho,Benewah County,2020b,9531,4895,4636,498,260,238,1094,573,521,493,270,223,615,328,287,1918,978,940,2727,1370,1357,2186,1116,1070,46.400002,45.700001,47.200001
16,9,Idaho,Benewah County,2020,9576,4929,4647,498,263,235,1092,572,520,501,276,225,614,323,291,1934,986,948,2728,1379,1349,2209,1130,1079,46.400002,45.799999,47.099998
16,9,Idaho,Benewah County,2021,9895,5100,4795,511,270,241,1140,603,537,514,282,232,620,329,291,2080,1068,1012,2714,1377,1337,2316,1171,1145,45.799999,45,46.700001
16,9,Idaho,Benewah County,2022,10291,5306,4985,526,271,255,1193,625,568,574,316,258,616,327,289,2210,1142,1068,2763,1414,1349,2409,1211,1198,45.200001,44.5,46.099998
16,9,Idaho,Benewah County,2023,10369,5343,5026,529,280,249,1193,622,571,583,303,280,661,357,304,2216,1141,1075,2701,1383,1318,2486,1257,1229,45,44.5,45.700001
16,11,Idaho,Bingham County,2020b,47983,24153,23830,3351,1695,1656,7670,3899,3771,3504,1758,1746,4134,2204,1930,11829,5885,5944,10564,5325,5239,6931,3387,3544,34.400002,34.099998,34.700001
16,11,Idaho,Bingham County,2020,48097,24218,23879,3330,1676,1654,7639,3889,3750,3530,1773,1757,4162,2213,1949,11865,5908,5957,10571,5330,5241,7000,3429,3571,34.5,34.200001,34.799999
16,11,Idaho,Bingham County,2021,48929,24644,24285,3338,1694,1644,7566,3845,3721,3691,1858,1833,4313,2284,2029,12097,6030,6067,10652,5380,5272,7272,3553,3719,34.700001,34.299999,35
16,11,Idaho,Bingham County,2022,49973,25157,24816,3364,1707,1657,7491,3775,3716,3817,1955,1862,4523,2369,2154,12419,6209,6210,10757,5447,5310,7602,3695,3907,34.799999,34.299999,35.200001
16,11,Idaho,Bingham County,2023,50395,25378,25017,3305,1695,1610,7323,3684,3639,3853,1978,1875,4717,2448,2269,12529,6266,6263,10762,5461,5301,7906,3846,4060,35,34.5,35.599998
16,13,Idaho,Blaine County,2020b,24278,12219,12059,1057,511,546,2530,1316,1214,1343,724,619,1664,853,811,5538,2853,2685,7086,3420,3666,5060,2542,2518,45,44.099998,46
16,13,Idaho,Blaine County,2020,24348,12254,12094,1044,507,537,2513,1309,1204,1341,721,620,1680,858,822,5546,2854,2692,7113,3429,3684,5111,2576,2535,45.200001,44.200001,46.099998
16,13,Idaho,Blaine County,2021,24782,12500,12282,1005,505,500,2463,1278,1185,1348,717,631,1789,908,881,5644,2945,2699,7125,3408,3717,5408,2739,2669,45.400002,44.400002,46.5
16,13,Idaho,Blaine County,2022,24901,12545,12356,975,509,466,2382,1225,1157,1344,707,637,1768,893,875,5554,2900,2654,7217,3448,3769,5661,2863,2798,46.299999,45.299999,47.299999
16,13,Idaho,Blaine County,2023,25041,12568,12473,944,483,461,2271,1148,1123,1368,695,673,1849,929,920,5529,2903,2626,7194,3450,3744,5886,2960,2926,46.700001,45.799999,47.5
16,15,Idaho,Boise County,2020b,7614,3965,3649,260,124,136,571,309,262,345,182,163,380,205,175,1395,680,715,2584,1320,1264,2079,1145,934,53.900002,54.700001,53.200001
16,15,Idaho,Boise County,2020,7664,3994,3670,262,126,136,571,306,265,338,179,159,390,213,177,1408,689,719,2577,1314,1263,2118,1167,951,53.900002,54.700001,53.299999
16,15,Idaho,Boise County,2021,8133,4185,3948,316,140,176,616,308,308,342,185,157,434,235,199,1585,773,812,2570,1301,1269,2270,1243,1027,53.099998,53.900002,52.299999
16,15,Idaho,Boise County,2022,8360,4271,4089,329,144,185,656,307,349,325,170,155,461,257,204,1653,796,857,2555,1301,1254,2381,1296,1085,52.900002,54,51.700001
16,15,Idaho,Boise County,2023,8517,4330,4187,336,147,189,675,324,351,318,162,156,481,272,209,1632,781,851,2567,1292,1275,2508,1352,1156,53.099998,54.200001,51.799999
16,17,Idaho,Bonner County,2020b,47103,23724,23379,2241,1117,1124,4723,2402,2321,2281,1210,1071,2712,1388,1324,9685,4892,4793,13431,6631,6800,12030,6084,5946,48.700001,48.400002,49
16,17,Idaho,Bonner County,2020,47403,23889,23514,2239,1117,1122,4734,2408,2326,2289,1221,1068,2717,1394,1323,9741,4919,4822,13466,6653,6813,12217,6177,6040,48.799999,48.5,49.099998
16,17,Idaho,Bonner County,2021,49633,25073,24560,2366,1202,1164,4969,2512,2457,2379,1281,1098,2856,1480,1376,10449,5289,5160,13664,6768,6896,12950,6541,6409,48.400002,48,48.799999
16,17,Idaho,Bonner County,2022,51407,25960,25447,2393,1230,1163,5239,2608,2631,2466,1317,1149,2900,1511,1389,10952,5542,5410,13985,6955,7030,13472,6797,6675,48.099998,47.700001,48.400002
16,17,Idaho,Bonner County,2023,52547,26441,26106,2394,1214,1180,5355,2652,2703,2505,1332,1173,3012,1599,1413,11191,5662,5529,14054,6968,7086,14036,7014,7022,47.900002,47.5,48.400002
16,19,Idaho,Bonneville County,2020b,123964,62198,61766,9889,5109,4780,19703,9981,9722,8484,4283,4201,10300,5283,5017,33468,16924,16544,25545,12934,12611,16575,7684,8891,33,32.599998,33.5
16,19,Idaho,Bonneville County,2020,124737,62560,62177,9857,5073,4784,19788,10019,9769,8600,4352,4248,10427,5341,5086,33699,17039,16660,25614,12970,12644,16752,7766,8986,33.099998,32.599998,33.5
16,19,Idaho,Bonneville County,2021,128064,64253,63811,9706,4968,4738,20165,10204,9961,9007,4568,4439,10902,5605,5297,34897,17671,17226,26065,13210,12855,17322,8027,9295,33.200001,32.700001,33.599998
16,19,Idaho,Bonneville County,2022,129543,64946,64597,9394,4724,4670,19982,10182,9800,9258,4661,4597,11069,5697,5372,35500,17961,17539,26418,13381,13037,17922,8340,9582,33.599998,33.200001,34
16,19,Idaho,Bonneville County,2023,131366,65972,65394,9330,4733,4597,19688,10026,9662,9477,4804,4673,11458,5866,5592,36163,18370,17793,26733,13535,13198,18517,8638,9879,33.799999,33.299999,34.299999
16,21,Idaho,Boundary County,2020b,12057,6130,5927,756,406,350,1385,743,642,675,336,339,837,433,404,2430,1237,1193,3150,1551,1599,2824,1424,1400,44.599998,43.700001,45.599998
16,21,Idaho,Boundary County,2020,12139,6170,5969,757,402,355,1398,753,645,669,334,335,841,434,407,2460,1249,1211,3160,1558,1602,2854,1440,1414,44.599998,43.799999,45.599998
16,21,Idaho,Boundary County,2021,12620,6412,6208,751,397,354,1502,824,678,666,331,335,852,429,423,2646,1347,1299,3241,1599,1642,2962,1485,1477,44.299999,43.400002,45.200001
16,21,Idaho,Boundary County,2022,13272,6772,6500,795,409,386,1617,897,720,736,387,349,878,450,428,2843,1446,1397,3341,1645,1696,3062,1538,1524,43.599998,42.599998,44.599998
16,21,Idaho,Boundary County,2023,13557,6909,6648,789,404,385,1654,908,746,758,411,347,900,463,437,2860,1460,1400,3429,1682,1747,3167,1581,1586,43.900002,42.799999,45.099998
16,23,Idaho,Butte County,2020b,2576,1319,1257,135,75,60,322,162,160,159,79,80,182,103,79,521,252,269,637,329,308,620,319,301,43.700001,44,43.400002
16,23,Idaho,Butte County,2020,2584,1323,1261,141,78,63,319,162,157,159,79,80,182,103,79,530,256,274,632,327,305,621,318,303,43.5,43.700001,43.400002
16,23,Idaho,Butte County,2021,2666,1356,1310,136,70,66,318,163,155,173,87,86,181,99,82,537,254,283,657,343,314,664,340,324,44.700001,45.5,44.299999
16,23,Idaho,Butte County,2022,2698,1363,1335,153,77,76,300,152,148,169,87,82,179,96,83,547,258,289,659,338,321,691,355,336,45,45.799999,44.299999
16,23,Idaho,Butte County,2023,2758,1411,1347,163,85,78,305,157,148,164,86,78,192,106,86,569,274,295,643,334,309,722,369,353,44.599998,44.900002,44.200001
16,25,Idaho,Camas County,2020b,1074,555,519,40,26,14,139,69,70,66,22,44,51,24,27,226,114,112,306,165,141,246,135,111,45.900002,47.400002,44
16,25,Idaho,Camas County,2020,1084,561,523,43,27,16,138,71,67,69,24,45,50,23,27,230,115,115,310,167,143,244,134,110,45.700001,47,43.900002
16,25,Idaho,Camas County,2021,1137,598,539,48,28,20,134,69,65,70,31,39,52,25,27,233,118,115,329,177,152,271,150,121,46.700001,47.5,45.400002
16,25,Idaho,Camas County,2022,1169,611,558,50,25,25,136,70,66,71,34,37,66,28,38,230,119,111,328,173,155,288,162,126,46.5,47.700001,45.200001
16,25,Idaho,Camas County,2023,1232,650,582,64,28,36,128,70,58,80,41,39,70,34,36,241,130,111,333,170,163,316,177,139,46.599998,47.5,45.900002
16,27,Idaho,Canyon County,2020b,231102,115152,115950,16006,8303,7703,33207,16976,16231,14946,7634,7312,21480,10926,10554,61196,30495,30701,51597,25573,26024,32670,15245,17425,34.599998,33.799999,35.299999
16,27,Idaho,Canyon County,2020,233013,116157,116856,16060,8355,7705,33216,16993,16223,15105,7722,7383,21623,10994,10629,61805,30804,31001,52030,25803,26227,33174,15486,17688,34.599998,33.900002,35.400002
16,27,Idaho,Canyon County,2021,243710,121575,122135,16475,8570,7905,33939,17317,16622,15759,8098,7661,22757,11580,11177,65691,32831,32860,54166,26925,27241,34923,16254,18669,34.700001,34,35.400002
16,27,Idaho,Canyon County,2022,250892,125101,125791,16750,8695,8055,34044,17304,16740,16179,8318,7861,23276,11872,11404,68469,34310,34159,55729,27638,28091,36445,16964,19481,35,34.200001,35.700001
16,27,Idaho,Canyon County,2023,257674,128686,128988,17075,8795,8280,34279,17422,16857,16391,8449,7942,24001,12258,11743,70816,35667,35149,57195,28501,28694,37917,17594,20323,35.200001,34.5,35.900002
16,29,Idaho,Caribou County,2020b,7027,3586,3441,479,249,230,1050,527,523,478,236,242,517,286,231,1698,890,808,1578,824,754,1227,574,653,37.700001,37.400002,38.200001
16,29,Idaho,Caribou County,2020,7013,3573,3440,468,240,228,1043,522,521,476,233,243,515,284,231,1705,895,810,1574,823,751,1232,576,656,37.799999,37.599998,38.200001
16,29,Idaho,Caribou County,2021,7109,3604,3505,470,227,243,1040,527,513,484,235,249,542,299,243,1742,905,837,1548,803,745,1283,608,675,37.799999,37.700001,38
16,29,Idaho,Caribou County,2022,7200,3652,3548,478,222,256,1004,510,494,510,252,258,558,312,246,1767,909,858,1571,825,746,1312,622,690,38,38.099998,37.799999
16,29,Idaho,Caribou County,2023,7219,3687,3532,455,223,232,1024,522,502,508,253,255,556,308,248,1748,910,838,1598,844,754,1330,627,703,38.200001,37.799999,38.700001
16,31,Idaho,Cassia County,2020b,24692,12674,12018,1965,998,967,3983,2062,1921,1849,968,881,2285,1225,1060,6028,3124,2904,5125,2660,2465,3457,1637,1820,32.5,31.6,33.299999
16,31,Idaho,Cassia County,2020,24760,12715,12045,1970,1006,964,3957,2054,1903,1848,969,879,2308,1237,1071,6044,3130,2914,5140,2669,2471,3493,1650,1843,32.5,31.6,33.5
16,31,Idaho,Cassia County,2021,25244,12986,12258,2019,1029,990,3952,2072,1880,1896,985,911,2359,1258,1101,6207,3230,2977,5194,2705,2489,3617,1707,1910,32.5,31.700001,33.299999
16,31,Idaho,Cassia County,2022,25644,13207,12437,2025,1048,977,3960,2062,1898,2002,1033,969,2370,1277,1093,6327,3263,3064,5247,2753,2494,3713,1771,1942,32.700001,32,33.599998
16,31,Idaho,Cassia County,2023,25696,13261,12435,2000,1055,945,3877,2021,1856,1985,1002,983,2408,1303,1105,6381,3286,3095,5229,2760,2469,3816,1834,1982,32.900002,32.400002,33.700001
16,33,Idaho,Clark County,2020b,789,410,379,50,23,27,77,41,36,48,17,31,67,36,31,195,102,93,192,111,81,160,80,80,39.799999,41.799999,38.599998
16,33,Idaho,Clark County,2020,792,408,384,52,23,29,81,42,39,43,16,27,64,34,30,198,104,94,192,110,82,162,79,83,40.200001,42,39
16,33,Idaho,Clark County,2021,793,414,379,58,30,28,91,48,43,31,11,20,68,32,36,192,102,90,185,104,81,168,87,81,40.299999,41.5,39.299999
16,33,Idaho,Clark County,2022,810,425,385,64,34,30,95,50,45,35,13,22,66,29,37,203,109,94,180,97,83,167,93,74,39.5,40.599998,38.299999
16,33,Idaho,Clark County,2023,801,425,376,64,34,30,90,46,44,35,17,18,69,33,36,194,103,91,173,91,82,176,101,75,40.400002,41.299999,39.200001
16,35,Idaho,Clearwater County,2020b,8728,4846,3882,319,171,148,651,357,294,328,180,148,486,307,179,1923,1156,767,2555,1369,1186,2466,1306,1160,51.599998,49.700001,54
16,35,Idaho,Clearwater County,2020,8750,4852,3898,324,170,154,650,357,293,329,181,148,483,307,176,1938,1163,775,2551,1360,1191,2475,1314,1161,51.599998,49.599998,53.900002
16,35,Idaho,Clearwater County,2021,8925,4972,3953,337,179,158,665,372,293,332,199,133,466,295,171,1990,1210,780,2590,1353,1237,2545,1364,1181,51.599998,49,54.299999
16,35,Idaho,Clearwater County,2022,9035,5013,4022,326,169,157,680,372,308,376,225,151,459,289,170,1947,1178,769,2628,1378,1250,2619,1402,1217,51.799999,49.5,54.299999
16,35,Idaho,Clearwater County,2023,9214,5099,4115,335,183,152,681,375,306,395,222,173,492,311,181,1985,1195,790,2660,1398,1262,2666,1415,1251,51.599998,48.900002,54.299999
16,37,Idaho,Custer County,2020b,4279,2240,2039,186,98,88,361,183,178,180,91,89,214,120,94,798,412,386,1234,640,594,1306,696,610,53.400002,53.5,53.299999
16,37,Idaho,Custer County,2020,4271,2242,2029,184,98,86,359,182,177,179,92,87,213,119,94,793,411,382,1225,637,588,1318,703,615,53.599998,53.700001,53.5
16,37,Idaho,Custer County,2021,4446,2322,2124,171,93,78,388,198,190,181,93,88,223,115,108,864,447,417,1251,645,606,1368,731,637,53,53,53
16,37,Idaho,Custer County,2022,4518,2370,2148,163,89,74,414,221,193,193,98,95,219,120,99,902,460,442,1236,644,592,1391,738,653,52.299999,52,52.5
16,37,Idaho,Custer County,2023,4523,2372,2151,160,82,78,387,204,183,207,107,100,225,123,102,905,470,435,1200,618,582,1439,768,671,52.400002,52,52.799999
16,39,Idaho,Elmore County,2020b,28665,15088,13577,2189,1103,1086,3544,1839,1705,1439,731,708,3457,2038,1419,8046,4388,3658,6014,3071,2943,3976,1918,2058,32.5,31.5,33.700001
16,39,Idaho,Elmore County,2020,28669,15111,13558,2145,1084,1061,3537,1835,1702,1434,728,706,3454,2045,1409,8067,4397,3670,6016,3075,2941,4016,1947,2069,32.599998,31.6,33.799999
16,39,Idaho,Elmore County,2021,28978,15319,13659,2092,1042,1050,3538,1834,1704,1458,751,707,3494,2122,1372,8201,4451,3750,6020,3096,2924,4175,2023,2152,33.099998,32,34.299999
16,39,Idaho,Elmore County,2022,29391,15500,13891,2090,1040,1050,3562,1822,1740,1487,782,705,3413,2052,1361,8411,4563,3848,6062,3110,2952,4366,2131,2235,33.400002,32.599998,34.400002
16,39,Idaho,Elmore County,2023,29724,15652,14072,2133,1070,1063,3583,1813,1770,1488,792,696,3403,2013,1390,8604,4693,3911,5987,3071,2916,4526,2200,2326,33.5,32.799999,34.299999
16,41,Idaho,Franklin County,2020b,14194,7300,6894,1039,548,491,2267,1187,1080,1167,615,552,1246,686,560,3396,1715,1681,3072,1572,1500,2007,977,1030,33.900002,32.799999,35
16,41,Idaho,Franklin County,2020,14282,7346,6936,1046,551,495,2271,1188,1083,1166,617,549,1260,694,566,3415,1724,1691,3092,1583,1509,2032,989,1043,33.900002,32.799999,35.099998
16,41,Idaho,Franklin County,2021,14670,7580,7090,1087,569,518,2259,1188,1071,1182,641,541,1330,745,585,3474,1752,1722,3202,1634,1568,2136,1051,1085,34,32.700001,35.400002
16,41,Idaho,Franklin County,2022,15170,7846,7324,1152,631,521,2298,1201,1097,1185,630,555,1385,777,608,3618,1825,1793,3320,1692,1628,2212,1090,1122,33.799999,32.599998,35.200001
16,41,Idaho,Franklin County,2023,15494,7982,7512,1149,641,508,2323,1204,1119,1175,617,558,1421,781,640,3716,1880,1836,3420,1729,1691,2290,1130,1160,34.099998,33,35.400002
16,43,Idaho,Fremont County,2020b,13387,7051,6336,820,422,398,1592,811,781,860,448,412,1187,637,550,3273,1780,1493,3322,1759,1563,2333,1194,1139,39.099998,39.200001,39
16,43,Idaho,Fremont County,2020,13419,7053,6366,817,418,399,1589,810,779,866,453,413,1174,625,549,3290,1784,1506,3330,1761,1569,2353,1202,1151,39.200001,39.299999,39.200001
16,43,Idaho,Fremont County,2021,13591,7136,6455,811,418,393,1555,789,766,870,453,417,1206,629,577,3359,1817,1542,3367,1800,1567,2423,1230,1193,39.400002,39.599998,39.200001
16,43,Idaho,Fremont County,2022,14017,7425,6592,859,443,416,1592,822,770,887,470,417,1213,643,570,3484,1880,1604,3470,1885,1585,2512,1282,1230,39.5,39.599998,39.299999
16,43,Idaho,Fremont County,2023,14196,7507,6689,868,443,425,1597,812,785,881,464,417,1203,643,560,3584,1945,1639,3472,1884,1588,2591,1316,1275,39.299999,39.5,39.099998
16,45,Idaho,Gem County,2020b,19122,9670,9452,1063,557,506,2268,1196,1072,1084,596,488,1315,686,629,4106,2025,2081,5037,2508,2529,4249,2102,2147,43.599998,42.5,44.5
16,45,Idaho,Gem County,2020,19272,9739,9533,1080,562,518,2280,1203,1077,1087,595,492,1324,691,633,4146,2051,2095,5055,2518,2537,4300,2119,2181,43.599998,42.5,44.5
16,45,Idaho,Gem County,2021,19802,10021,9781,1056,534,522,2273,1201,1072,1099,594,505,1399,748,651,4344,2184,2160,5154,2554,2600,4477,2206,2271,43.799999,42.599998,44.799999
16,45,Idaho,Gem County,2022,20454,10390,10064,1064,543,521,2295,1205,1090,1164,639,525,1462,794,668,4503,2261,2242,5288,2633,2655,4678,2315,2363,43.900002,42.799999,44.900002
16,45,Idaho,Gem County,2023,21071,10751,10320,1086,561,525,2321,1233,1088,1219,670,549,1525,824,701,4640,2367,2273,5401,2692,2709,4879,2404,2475,43.900002,42.599998,45.200001
16,47,Idaho,Gooding County,2020b,15601,8008,7593,1038,539,499,2210,1103,1107,1020,530,490,1281,676,605,3622,1885,1737,3652,1893,1759,2778,1382,1396,37.5,37.5,37.400002
16,47,Idaho,Gooding County,2020,15649,8039,7610,1019,531,488,2228,1112,1116,1036,537,499,1278,679,599,3656,1902,1754,3643,1889,1754,2789,1389,1400,37.400002,37.400002,37.400002
16,47,Idaho,Gooding County,2021,15793,8085,7708,987,509,478,2194,1083,1111,1048,541,507,1299,685,614,3704,1918,1786,3680,1912,1768,2881,1437,1444,37.799999,38.099998,37.700001
16,47,Idaho,Gooding County,2022,15879,8128,7751,946,490,456,2150,1071,1079,1063,552,511,1349,709,640,3715,1900,1815,3691,1925,1766,2965,1481,1484,38.200001,38.200001,38.200001
16,47,Idaho,Gooding County,2023,16061,8222,7839,1023,530,493,2082,1040,1042,1028,531,497,1417,742,675,3747,1902,1845,3737,1950,1787,3027,1527,1500,38.299999,38.299999,38.299999
16,49,Idaho,Idaho County,2020b,16547,8735,7812,791,414,377,1689,873,816,781,407,374,1119,691,428,3112,1708,1404,4400,2172,2228,4655,2470,2185,49.700001,48.200001,51.200001
16,49,Idaho,Idaho County,2020,16594,8759,7835,783,409,374,1692,874,818,785,408,377,1124,692,432,3124,1713,1411,4386,2161,2225,4700,2502,2198,49.799999,48.400002,51.200001
16,49,Idaho,Idaho County,2021,17059,8998,8061,811,432,379,1740,905,835,806,408,398,1125,683,442,3278,1804,1474,4423,2185,2238,4876,2581,2295,49.599998,48.200001,51.200001
16,49,Idaho,Idaho County,2022,17637,9286,8351,864,460,404,1793,926,867,847,445,402,1155,682,473,3451,1890,1561,4436,2203,2233,5091,2680,2411,49.200001,47.700001,50.900002
16,49,Idaho,Idaho County,2023,17890,9418,8472,888,466,422,1842,961,881,880,469,411,1116,660,456,3540,1927,1613,4339,2177,2162,5285,2758,2527,49.099998,47.5,50.700001
16,51,Idaho,Jefferson County,2020b,30890,15843,15047,2404,1242,1162,5530,2839,2691,2411,1215,1196,2627,1366,1261,7825,4013,3812,6413,3350,3063,3680,1818,1862,32.200001,32.200001,32.299999
16,51,Idaho,Jefferson County,2020,31080,15944,15136,2412,1241,1171,5507,2825,2682,2449,1232,1217,2656,1390,1266,7855,4026,3829,6469,3383,3086,3732,1847,1885,32.299999,32.299999,32.299999
16,51,Idaho,Jefferson County,2021,32201,16501,15700,2407,1226,1181,5594,2882,2712,2646,1340,1306,2737,1454,1283,8195,4152,4043,6700,3511,3189,3922,1936,1986,32.5,32.5,32.599998
16,51,Idaho,Jefferson County,2022,33336,17133,16203,2409,1279,1130,5609,2864,2745,2837,1455,1382,2923,1576,1347,8440,4266,4174,6997,3666,3331,4121,2027,2094,32.799999,32.599998,33
16,51,Idaho,Jefferson County,2023,34198,17586,16612,2392,1247,1145,5565,2891,2674,2925,1487,1438,3094,1652,1442,8699,4410,4289,7216,3770,3446,4307,2129,2178,33.200001,33,33.299999
16,53,Idaho,Jerome County,2020b,24242,12543,11699,1850,985,865,3800,1879,1921,1718,884,834,2018,1051,967,6292,3353,2939,5362,2828,2534,3202,1563,1639,33.700001,33.799999,33.5
16,53,Idaho,Jerome County,2020,24270,12570,11700,1837,982,855,3776,1866,1910,1730,889,841,2037,1065,972,6285,3350,2935,5379,2839,2540,3226,1579,1647,33.799999,34,33.5
16,53,Idaho,Jerome County,2021,24738,12766,11972,1804,977,827,3789,1849,1940,1781,915,866,2133,1104,1029,6434,3402,3032,5466,2899,2567,3331,1620,1711,34,34.200001,33.799999
16,53,Idaho,Jerome County,2022,25244,12998,12246,1841,994,847,3803,1890,1913,1867,931,936,2225,1138,1087,6575,3466,3109,5517,2932,2585,3416,1647,1769,34.099998,34.400002,33.599998
16,53,Idaho,Jerome County,2023,25479,13063,12416,1839,955,884,3752,1873,1879,1909,946,963,2247,1156,1091,6621,3488,3133,5534,2929,2605,3577,1716,1861,34.400002,34.799999,33.900002
16,55,Idaho,Kootenai County,2020b,171363,85279,86084,9821,5103,4718,20110,10392,9718,9142,4729,4413,12272,6406,5866,43295,21687,21608,43740,21547,22193,32983,15415,17568,40.700001,39.599998,41.799999
16,55,Idaho,Kootenai County,2020,172785,85985,86800,9841,5114,4727,20180,10412,9768,9237,4785,4452,12403,6469,5934,43707,21907,21800,43959,21656,22303,33458,15642,17816,40.700001,39.599998,41.799999
16,55,Idaho,Kootenai County,2021,180058,89660,90398,10012,5257,4755,21006,10752,10254,9620,5033,4587,13021,6788,6233,46171,23183,22988,45079,22243,22836,35149,16404,18745,40.599998,39.599998,41.700001
16,55,Idaho,Kootenai County,2022,183290,91391,91899,9921,5157,4764,21248,10926,10322,9836,5121,4715,13182,6917,6265,47109,23758,23351,45535,22563,22972,36459,16949,19510,40.900002,39.799999,42
16,55,Idaho,Kootenai County,2023,185010,92269,92741,9800,5031,4769,21210,10933,10277,9943,5153,4790,13223,6992,6231,47402,23958,23444,45649,22674,22975,37783,17528,20255,41.200001,40.099998,42.299999
16,57,Idaho,Latah County,2020b,39523,20160,19363,2025,1020,1005,3746,1901,1845,1581,791,790,8913,4700,4213,10008,5201,4807,7648,3823,3825,5602,2724,2878,30.4,29.700001,31.299999
16,57,Idaho,Latah County,2020,39638,20223,19415,2032,1024,1008,3751,1899,1852,1589,798,791,8890,4681,4209,10080,5250,4830,7648,3824,3824,5648,2747,2901,30.5,29.799999,31.299999
16,57,Idaho,Latah County,2021,40400,20628,19772,2044,1064,980,3917,1977,1940,1685,854,831,8892,4663,4229,10249,5330,4919,7732,3871,3861,5881,2869,3012,30.799999,30.1,31.6
16,57,Idaho,Latah County,2022,40924,20856,20068,2109,1127,982,4005,1978,2027,1763,917,846,8846,4640,4206,10341,5337,5004,7767,3898,3869,6093,2959,3134,31,30.299999,31.799999
16,57,Idaho,Latah County,2023,41301,21136,20165,2137,1123,1014,4020,1987,2033,1864,992,872,8935,4737,4198,10349,5372,4977,7748,3901,3847,6248,3024,3224,31.1,30.1,31.9
16,59,Idaho,Lemhi County,2020b,7979,4067,3912,393,207,186,734,388,346,357,200,157,421,212,209,1551,778,773,2088,1032,1056,2435,1250,1185,52.200001,51.599998,52.700001
16,59,Idaho,Lemhi County,2020,7962,4048,3914,378,196,182,731,385,346,353,196,157,417,212,205,1561,781,780,2067,1018,1049,2455,1260,1195,52.299999,51.799999,52.799999
16,59,Idaho,Lemhi County,2021,8160,4167,3993,355,188,167,736,386,350,377,206,171,443,234,209,1638,831,807,2095,1034,1061,2516,1288,1228,52.099998,51.400002,52.799999
16,59,Idaho,Lemhi County,2022,8284,4245,4039,347,198,149,755,400,355,391,203,188,443,240,203,1680,853,827,2063,1024,1039,2605,1327,1278,52.099998,51.200001,52.900002
16,59,Idaho,Lemhi County,2023,8441,4352,4089,360,205,155,774,421,353,403,210,193,467,248,219,1723,877,846,2059,1033,1026,2655,1358,1297,51.400002,50.400002,52.5
16,61,Idaho,Lewis County,2020b,3526,1788,1738,164,88,76,403,216,187,203,95,108,196,110,86,663,322,341,925,455,470,972,502,470,49.400002,49.400002,49.299999
16,61,Idaho,Lewis County,2020,3527,1785,1742,170,96,74,399,214,185,203,93,110,195,107,88,665,322,343,912,446,466,983,507,476,49.400002,49.299999,49.400002
16,61,Idaho,Lewis County,2021,3690,1867,1823,176,90,86,432,244,188,212,100,112,228,121,107,715,348,367,904,448,456,1023,516,507,47.700001,47.099998,48.299999
16,61,Idaho,Lewis County,2022,3725,1892,1833,194,93,101,408,227,181,211,106,105,230,127,103,728,359,369,900,447,453,1054,533,521,47.900002,47.400002,48.599998
16,61,Idaho,Lewis County,2023,3739,1895,1844,187,87,100,397,215,182,209,108,101,235,127,108,741,367,374,884,440,444,1086,551,535,47.700001,47.099998,48.400002
16,63,Idaho,Lincoln County,2020b,5127,2669,2458,318,176,142,719,372,347,362,191,171,446,209,237,1301,691,610,1229,650,579,752,380,372,36.900002,37.700001,36
16,63,Idaho,Lincoln County,2020,5134,2676,2458,315,174,141,714,374,340,357,188,169,447,207,240,1303,693,610,1226,652,574,772,388,384,37.099998,37.900002,36.299999
16,63,Idaho,Lincoln County,2021,5285,2767,2518,326,177,149,712,368,344,351,185,166,469,228,241,1386,733,653,1247,673,574,794,403,391,36.799999,37.599998,36.200001
16,63,Idaho,Lincoln County,2022,5385,2800,2585,334,166,168,715,369,346,362,189,173,497,247,250,1395,727,668,1271,687,584,811,415,396,36.400002,37.099998,35.900002
16,63,Idaho,Lincoln County,2023,5450,2827,2623,339,172,167,682,339,343,367,185,182,505,256,249,1408,729,679,1308,717,591,841,429,412,36.900002,37.900002,36
16,65,Idaho,Madison County,2020b,52913,23759,29154,3726,1963,1763,4503,2310,2193,2532,1253,1279,25158,9312,15846,9392,5233,4159,4733,2337,2396,2869,1351,1518,20.799999,22.799999,19.9
16,65,Idaho,Madison County,2020,52928,23783,29145,3704,1946,1758,4482,2312,2170,2528,1250,1278,25130,9312,15818,9447,5254,4193,4737,2345,2392,2900,1364,1536,20.9,22.700001,19.9
16,65,Idaho,Madison County,2021,54092,24395,29697,3798,2037,1761,4560,2374,2186,2554,1251,1303,25630,9524,16106,9786,5412,4374,4765,2377,2388,2999,1420,1579,20.9,22.700001,19.9
16,65,Idaho,Madison County,2022,54958,24977,29981,3957,2164,1793,4636,2446,2190,2610,1277,1333,25688,9659,16029,10186,5568,4618,4803,2401,2402,3078,1462,1616,21,22.700001,19.9
16,65,Idaho,Madison County,2023,54547,24801,29746,3917,2136,1781,4653,2476,2177,2636,1294,1342,25461,9588,15873,10030,5444,4586,4761,2387,2374,3089,1476,1613,20.9,22.700001,19.9
16,67,Idaho,Minidoka County,2020b,21582,10883,10699,1612,803,809,3309,1659,1650,1376,723,653,1826,914,912,5281,2737,2544,4802,2443,2359,3376,1604,1772,34.599998,34.599998,34.700001
16,67,Idaho,Minidoka County,2020,21668,10932,10736,1596,797,799,3313,1658,1655,1402,738,664,1831,921,910,5315,2755,2560,4811,2448,2363,3400,1615,1785,34.599998,34.599998,34.700001
16,67,Idaho,Minidoka County,2021,21944,11102,10842,1547,796,751,3313,1660,1653,1464,768,696,1863,954,909,5403,2774,2629,4879,2500,2379,3475,1650,1825,34.799999,34.599998,35
16,67,Idaho,Minidoka County,2022,22208,11251,10957,1532,780,752,3319,1677,1642,1509,783,726,1932,990,942,5512,2832,2680,4847,2495,2352,3557,1694,1863,34.799999,34.599998,35
16,67,Idaho,Minidoka County,2023,22480,11355,11125,1544,782,762,3267,1626,1641,1524,795,729,1943,982,961,5654,2896,2758,4874,2510,2364,3674,1764,1910,35.099998,35.099998,35.099998
16,69,Idaho,Nez Perce County,2020b,42091,20865,21226,2364,1199,1165,4579,2322,2257,2078,1096,982,3533,1763,1770,10310,5199,5111,10692,5324,5368,8535,3962,4573,41,40,42.099998
16,69,Idaho,Nez Perce County,2020,42145,20899,21246,2360,1198,1162,4585,2317,2268,2084,1102,982,3519,1761,1758,10340,5207,5133,10675,5318,5357,8582,3996,4586,41.099998,40.099998,42.099998
16,69,Idaho,Nez Perce County,2021,42500,21024,21476,2294,1142,1152,4579,2294,2285,2114,1112,1002,3595,1808,1787,10450,5254,5196,10638,5293,5345,8830,4121,4709,41.299999,40.400002,42.200001
16,69,Idaho,Nez Perce County,2022,42909,21300,21609,2242,1129,1113,4697,2350,2347,2149,1143,1006,3579,1810,1769,10592,5353,5239,10580,5255,5325,9070,4260,4810,41.5,40.400002,42.400002
16,69,Idaho,Nez Perce County,2023,42987,21334,21653,2154,1077,1077,4710,2326,2384,2163,1161,1002,3618,1830,1788,10573,5368,5205,10488,5185,5303,9281,4387,4894,41.700001,40.799999,42.599998
16,71,Idaho,Oneida County,2020b,4566,2308,2258,304,143,161,657,331,326,313,171,142,328,171,157,969,484,485,1096,557,539,899,451,448,39.799999,39.700001,39.900002
16,71,Idaho,Oneida County,2020,4566,2305,2261,295,138,157,650,326,324,311,171,140,330,171,159,974,484,490,1096,557,539,910,458,452,40.099998,40,40.099998
16,71,Idaho,Oneida County,2021,4605,2324,2281,298,143,155,644,322,322,306,163,143,343,182,161,990,489,501,1076,551,525,948,474,474,40.299999,40.299999,40.299999
16,71,Idaho,Oneida County,2022,4740,2391,2349,294,141,153,683,338,345,329,172,157,374,200,174,1016,507,509,1078,552,526,966,481,485,39.799999,39.799999,39.900002
16,71,Idaho,Oneida County,2023,4953,2478,2475,309,141,168,696,344,352,359,188,171,410,213,197,1071,533,538,1117,563,554,991,496,495,39.099998,39.099998,39.200001
16,73,Idaho,Owyhee County,2020b,11915,6081,5834,750,371,379,1513,791,722,751,365,386,1005,525,480,2716,1399,1317,3023,1543,1480,2157,1087,1070,39.400002,39.200001,39.599998
16,73,Idaho,Owyhee County,2020,11996,6121,5875,750,374,376,1521,795,726,753,363,390,1018,531,487,2742,1412,1330,3036,1549,1487,2176,1097,1079,39.400002,39.200001,39.5
16,73,Idaho,Owyhee County,2021,12356,6290,6066,763,381,382,1575,822,753,757,353,404,1041,545,496,2883,1482,1401,3096,1566,1530,2241,1141,1100,39,39,39.099998
16,73,Idaho,Owyhee County,2022,12645,6500,6145,777,411,366,1577,833,744,798,386,412,1046,553,493,2989,1545,1444,3112,1583,1529,2346,1189,1157,39.099998,38.799999,39.400002
16,73,Idaho,Owyhee County,2023,12722,6523,6199,748,407,341,1541,812,729,795,395,400,1058,528,530,3020,1574,1446,3128,1587,1541,2432,1220,1212,39.599998,39.099998,40
16,75,Idaho,Payette County,2020b,25389,12771,12618,1666,848,818,3378,1775,1603,1542,808,734,1891,987,904,5854,2922,2932,6283,3115,3168,4775,2316,2459,39.400002,38.400002,40.299999
16,75,Idaho,Payette County,2020,25590,12866,12724,1680,848,832,3382,1780,1602,1552,811,741,1902,988,914,5903,2960,2943,6327,3129,3198,4844,2350,2494,39.5,38.400002,40.400002
16,75,Idaho,Payette County,2021,26386,13326,13060,1708,864,844,3463,1827,1636,1600,859,741,1940,1021,919,6177,3114,3063,6453,3195,3258,5045,2446,2599,39.5,38.200001,40.599998
16,75,Idaho,Payette County,2022,26929,13602,13327,1708,874,834,3437,1801,1636,1652,876,776,2035,1080,955,6336,3185,3151,6518,3249,3269,5243,2537,2706,39.5,38.299999,40.799999
16,75,Idaho,Payette County,2023,27279,13767,13512,1669,865,804,3483,1783,1700,1653,869,784,2077,1118,959,6464,3244,3220,6514,3257,3257,5419,2631,2788,39.599998,38.700001,40.799999
16,77,Idaho,Power County,2020b,7876,3997,3879,603,286,317,1282,650,632,533,275,258,646,360,286,1833,924,909,1673,863,810,1306,639,667,34.200001,33.900002,34.5
16,77,Idaho,Power County,2020,7879,3998,3881,592,279,313,1286,652,634,530,275,255,648,359,289,1830,924,906,1673,864,809,1320,645,675,34.400002,34.099998,34.700001
16,77,Idaho,Power County,2021,7975,4052,3923,590,281,309,1280,631,649,555,291,264,658,369,289,1881,967,914,1669,854,815,1342,659,683,34.5,34.400002,34.700001
16,77,Idaho,Power County,2022,8136,4147,3989,582,288,294,1301,633,668,578,307,271,660,358,302,1960,1031,929,1686,852,834,1369,678,691,34.299999,34.099998,34.5
16,77,Idaho,Power County,2023,8253,4235,4018,583,293,290,1287,618,669,591,311,280,712,390,322,1991,1062,929,1678,854,824,1411,707,704,34.400002,34.400002,34.400002
16,79,Idaho,Shoshone County,2020b,13168,6674,6494,784,410,374,1297,670,627,611,313,298,854,446,408,2821,1466,1355,3682,1845,1837,3119,1524,1595,46.599998,45.5,47.700001
16,79,Idaho,Shoshone County,2020,13199,6703,6496,779,410,369,1308,679,629,608,315,293,849,446,403,2829,1474,1355,3675,1843,1832,3151,1536,1615,46.599998,45.400002,47.900002
16,79,Idaho,Shoshone County,2021,13615,6925,6690,788,415,373,1428,745,683,637,323,314,870,461,409,3032,1572,1460,3680,1865,1815,3180,1544,1636,45.400002,44.200001,46.5
16,79,Idaho,Shoshone County,2022,13935,7064,6871,788,404,384,1496,775,721,663,331,332,872,467,405,3217,1672,1545,3644,1836,1808,3255,1579,1676,44.599998,43.700001,45.700001
16,79,Idaho,Shoshone County,2023,14026,7110,6916,781,402,379,1510,785,725,654,332,322,881,462,419,3294,1695,1599,3619,1845,1774,3287,1589,1698,44.299999,43.599998,45.200001
16,81,Idaho,Teton County,2020b,11631,6097,5534,647,319,328,1521,778,743,610,333,277,779,422,357,3406,1764,1642,3190,1708,1482,1478,773,705,39.299999,39.599998,39
16,81,Idaho,Teton County,2020,11735,6144,5591,645,316,329,1516,775,741,625,340,285,781,420,361,3433,1780,1653,3226,1723,1503,1509,790,719,39.400002,39.700001,39.099998
16,81,Idaho,Teton County,2021,12273,6386,5887,617,286,331,1500,753,747,690,370,320,822,447,375,3584,1849,1735,3397,1814,1583,1663,867,796,40,40.400002,39.599998
16,81,Idaho,Teton County,2022,12519,6546,5973,625,294,331,1433,725,708,701,382,319,820,446,374,3635,1891,1744,3535,1885,1650,1770,923,847,40.599998,40.799999,40.400002
16,81,Idaho,Teton County,2023,12549,6540,6009,602,297,305,1362,695,667,702,370,332,827,443,384,3559,1850,1709,3599,1906,1693,1898,979,919,41.400002,41.299999,41.400002
16,83,Idaho,Twin Falls County,2020b,90049,44626,45423,6129,3101,3028,12836,6519,6317,5484,2740,2744,7537,3806,3731,24136,12032,12104,19592,9872,9720,14335,6556,7779,35.599998,35.299999,35.900002
16,83,Idaho,Twin Falls County,2020,90372,44794,45578,6113,3100,3013,12781,6481,6300,5548,2773,2775,7594,3835,3759,24241,12095,12146,19622,9884,9738,14473,6626,7847,35.599998,35.400002,36
16,83,Idaho,Twin Falls County,2021,92394,45789,46605,6040,3083,2957,12795,6498,6297,5852,2960,2892,7777,3910,3867,24875,12373,12502,20008,10075,9933,15047,6890,8157,36,35.700001,36.400002
16,83,Idaho,Twin Falls County,2022,93821,46439,47382,6043,3108,2935,12660,6422,6238,6038,3043,2995,7896,3931,3965,25331,12588,12743,20292,10198,10094,15561,7149,8412,36.400002,36,36.799999
16,83,Idaho,Twin Falls County,2023,95156,47192,47964,5885,3045,2840,12654,6432,6222,6160,3141,3019,8205,4113,4092,25592,12694,12898,20637,10415,10222,16023,7352,8671,36.700001,36.099998,37.200001
16,85,Idaho,Valley County,2020b,11744,6110,5634,508,258,250,1112,579,533,507,253,254,605,321,284,2658,1388,1270,3299,1674,1625,3055,1637,1418,48.599998,48.599998,48.599998
16,85,Idaho,Valley County,2020,11842,6150,5692,506,256,250,1111,576,535,511,256,255,613,325,288,2670,1392,1278,3322,1681,1641,3109,1664,1445,48.700001,48.700001,48.700001
16,85,Idaho,Valley County,2021,12256,6338,5918,486,235,251,1150,589,561,506,264,242,640,345,295,2743,1395,1348,3462,1757,1705,3269,1753,1516,49.200001,49.299999,48.900002
16,85,Idaho,Valley County,2022,12450,6444,6006,489,228,261,1181,594,587,542,292,250,623,352,271,2760,1383,1377,3472,1761,1711,3383,1834,1549,49.099998,49.599998,48.599998
16,85,Idaho,Valley County,2023,12644,6560,6084,464,216,248,1186,602,584,589,329,260,642,361,281,2744,1391,1353,3483,1764,1719,3536,1897,1639,49.099998,49.400002,48.799999
16,87,Idaho,Washington County,2020b,10498,5240,5258,555,281,274,1189,616,573,650,295,355,740,401,339,1991,995,996,2678,1304,1374,2695,1348,1347,46.099998,45.599998,46.599998
16,87,Idaho,Washington County,2020,10558,5269,5289,554,276,278,1193,616,577,656,302,354,748,402,346,2004,1003,1001,2682,1304,1378,2721,1366,1355,46.099998,45.599998,46.599998
16,87,Idaho,Washington County,2021,10900,5452,5448,561,283,278,1235,628,607,670,316,354,781,407,374,2135,1084,1051,2718,1318,1400,2800,1416,1384,45.599998,45.099998,46.099998
16,87,Idaho,Washington County,2022,11147,5572,5575,563,290,273,1255,640,615,662,309,353,839,433,406,2245,1136,1109,2716,1320,1396,2867,1444,1423,45.099998,44.599998,45.599998
16,87,Idaho,Washington County,2023,11425,5675,5750,580,285,295,1301,670,631,641,324,317,851,428,423,2359,1193,1166,2742,1303,1439,2951,1472,1479,44.900002,44.099998,45.700001
