state,county,stname,ctyname,year,popestimate,popest_male,popest_fem,under5_tot,under5_male,under5_fem,age16plus_tot,age16plus_male,age16plus_fem,age18plus_tot,age18plus_male,age18plus_fem,age65plus_tot,age65plus_male,age65plus_fem,age85plus_tot,age85plus_male,age85plus_fem,median_age_tot,median_age_male,median_age_fem
16,1,Idaho,Ada County,2010c,392365,196501,195864,28357,14450,13907,299576,149192,150384,288659,143455,145204,41048,18086,22962,5845,1997,3848,34.799999,34.099998,35.599998
16,1,Idaho,Ada County,2010b,392372,196504,195868,28357,14450,13907,299578,149192,150386,288660,143455,145205,41048,18086,22962,5845,1997,3848,34.799999,34.099998,35.599998
16,1,Idaho,Ada County,2010,393354,196966,196388,28193,14389,13804,300609,149678,150931,289653,143938,145715,41537,18328,23209,5906,2016,3890,34.900002,34.200001,35.700001
16,1,Idaho,Ada County,2011,401262,200983,200279,27765,14175,13590,307821,153334,154487,296687,147554,149133,43456,19346,24110,6066,2104,3962,35.200001,34.400002,36
16,1,Idaho,Ada County,2012,408862,204716,204146,27242,13883,13359,314897,156885,158012,303528,151010,152518,46637,20976,25661,6183,2187,3996,35.400002,34.700001,36.200001
16,1,Idaho,Ada County,2013,415951,208286,207665,26724,13593,13131,321760,160243,161517,310238,154345,155893,49926,22689,27237,6334,2297,4037,35.799999,35,36.599998
16,1,Idaho,Ada County,2014,425471,213158,212313,26446,13470,12976,330379,164680,165699,318576,158648,159928,53079,24203,28876,6550,2384,4166,36,35.200001,36.900002
16,1,Idaho,Ada County,2015,432862,216722,216140,26137,13327,12810,337543,168196,169347,325181,161791,163390,56021,25617,30404,6745,2471,4274,36.400002,35.599998,37.200001
16,1,Idaho,Ada County,2016,444486,222437,222049,26539,13499,13040,348654,173742,174912,335717,167075,168642,59643,27308,32335,6894,2569,4325,36.599998,35.900002,37.400002
16,1,Idaho,Ada County,2017,456548,228516,228032,27001,13765,13236,359731,179237,180494,346612,172561,174051,63482,29062,34420,6950,2573,4377,37,36.200001,37.799999
16,1,Idaho,Ada County,2018,468764,234701,234063,27071,13809,13262,370944,184898,186046,357902,178300,179602,67613,31039,36574,7095,2666,4429,37.299999,36.5,38.099998
16,1,Idaho,Ada County,2019,481587,241132,240455,27131,13816,13315,383101,190900,192201,369857,184131,185726,71958,33096,38862,7310,2768,4542,37.700001,36.799999,38.5
16,3,Idaho,Adams County,2010c,3976,2041,1935,189,90,99,3326,1723,1603,3213,1666,1547,828,450,378,70,24,46,50,51.099998,49.299999
16,3,Idaho,Adams County,2010b,3978,2042,1936,189,90,99,3328,1724,1604,3215,1667,1548,828,450,378,70,24,46,50,51.200001,49.400002
16,3,Idaho,Adams County,2010,3962,2034,1928,187,91,96,3316,1719,1597,3212,1667,1545,837,456,381,69,24,45,50.299999,51.400002,49.599998
16,3,Idaho,Adams County,2011,3981,2046,1935,183,97,86,3327,1721,1606,3235,1675,1560,866,479,387,62,29,33,50.799999,51.799999,50.099998
16,3,Idaho,Adams County,2012,3908,2006,1902,171,88,83,3305,1710,1595,3211,1660,1551,917,502,415,68,29,39,52,53.099998,51.299999
16,3,Idaho,Adams County,2013,3863,1975,1888,169,92,77,3275,1684,1591,3194,1638,1556,958,520,438,72,33,39,53,54,52.400002
16,3,Idaho,Adams County,2014,3883,2005,1878,160,94,66,3319,1719,1600,3232,1675,1557,997,550,447,73,34,39,53.799999,54.599998,53.299999
16,3,Idaho,Adams County,2015,3891,2007,1884,169,98,71,3301,1705,1596,3225,1672,1553,1052,578,474,86,39,47,54.299999,54.900002,53.799999
16,3,Idaho,Adams County,2016,3941,2037,1904,163,88,75,3339,1731,1608,3275,1701,1574,1097,608,489,96,45,51,54.799999,55.200001,54.299999
16,3,Idaho,Adams County,2017,4127,2125,2002,179,90,89,3455,1782,1673,3377,1747,1630,1146,625,521,101,48,53,54.400002,54.799999,54.099998
16,3,Idaho,Adams County,2018,4234,2201,2033,169,84,85,3566,1834,1732,3478,1788,1690,1211,650,561,103,45,58,54.799999,54.5,55.200001
16,3,Idaho,Adams County,2019,4294,2207,2087,169,78,91,3644,1860,1784,3549,1814,1735,1284,686,598,105,42,63,55.5,55.299999,55.900002
16,5,Idaho,Bannock County,2010c,82839,41298,41541,6971,3620,3351,62306,30672,31634,60125,29573,30552,9243,4172,5071,1238,451,787,31.4,30.6,32.200001
16,5,Idaho,Bannock County,2010b,82842,41300,41542,6971,3620,3351,62308,30673,31635,60127,29574,30553,9243,4172,5071,1238,451,787,31.4,30.6,32.200001
16,5,Idaho,Bannock County,2010,83020,41401,41619,6939,3610,3329,62458,30764,31694,60261,29649,30612,9298,4208,5090,1261,467,794,31.5,30.700001,32.400002
16,5,Idaho,Bannock County,2011,83641,41618,42023,6764,3459,3305,62987,30991,31996,60708,29828,30880,9459,4307,5152,1265,468,797,31.799999,31.1,32.599998
16,5,Idaho,Bannock County,2012,83755,41754,42001,6581,3373,3208,63290,31221,32069,60975,30037,30938,9829,4495,5334,1252,449,803,32.099998,31.299999,32.900002
16,5,Idaho,Bannock County,2013,83455,41571,41884,6390,3256,3134,63280,31230,32050,60926,30002,30924,10210,4667,5543,1249,447,802,32.599998,31.799999,33.400002
16,5,Idaho,Bannock County,2014,83536,41611,41925,6345,3190,3155,63463,31322,32141,61052,30055,30997,10576,4863,5713,1242,449,793,32.799999,32,33.799999
16,5,Idaho,Bannock County,2015,84184,41946,42238,6399,3254,3145,64064,31662,32402,61613,30396,31217,10943,5066,5877,1241,463,778,33.099998,32.099998,34.099998
16,5,Idaho,Bannock County,2016,84676,42136,42540,6201,3157,3044,64681,31979,32702,62169,30678,31491,11369,5265,6104,1266,484,782,33.599998,32.599998,34.5
16,5,Idaho,Bannock County,2017,85482,42531,42951,6188,3094,3094,65465,32381,33084,62920,31080,31840,11845,5522,6323,1309,509,800,33.900002,33,34.799999
16,5,Idaho,Bannock County,2018,86674,43034,43640,6131,3045,3086,66585,32848,33737,64053,31580,32473,12321,5764,6557,1325,510,815,34.099998,33.400002,35
16,5,Idaho,Bannock County,2019,87808,43650,44158,6102,3069,3033,67678,33420,34258,65104,32110,32994,12894,6062,6832,1327,513,814,34.5,33.700001,35.400002
16,7,Idaho,Bear Lake County,2010c,5986,2972,3014,410,203,207,4533,2250,2283,4350,2161,2189,1104,525,579,142,56,86,40.5,40,41
16,7,Idaho,Bear Lake County,2010b,5986,2972,3014,410,203,207,4533,2250,2283,4350,2161,2189,1104,525,579,142,56,86,40.5,40,41
16,7,Idaho,Bear Lake County,2010,5969,2963,3006,421,212,209,4509,2233,2276,4325,2144,2181,1100,524,576,143,55,88,40.299999,39.799999,41
16,7,Idaho,Bear Lake County,2011,5956,2960,2996,407,206,201,4495,2220,2275,4311,2129,2182,1100,524,576,147,61,86,40.200001,39.299999,41
16,7,Idaho,Bear Lake County,2012,5892,2928,2964,399,209,190,4459,2203,2256,4274,2113,2161,1138,542,596,149,64,85,39.900002,39.099998,40.799999
16,7,Idaho,Bear Lake County,2013,5948,2956,2992,426,213,213,4502,2238,2264,4292,2136,2156,1141,549,592,133,56,77,39,38.599998,39.5
16,7,Idaho,Bear Lake County,2014,5926,2941,2985,430,217,213,4487,2230,2257,4289,2133,2156,1149,555,594,138,57,81,39.099998,38.700001,39.400002
16,7,Idaho,Bear Lake County,2015,5879,2906,2973,412,203,209,4467,2204,2263,4273,2116,2157,1172,567,605,128,55,73,39.400002,38.700001,40
16,7,Idaho,Bear Lake County,2016,5927,2944,2983,411,218,193,4527,2251,2276,4328,2151,2177,1207,582,625,128,51,77,39.099998,38.200001,40
16,7,Idaho,Bear Lake County,2017,6023,2986,3037,419,219,200,4576,2253,2323,4387,2159,2228,1235,590,645,134,49,85,39.299999,38.299999,40.200001
16,7,Idaho,Bear Lake County,2018,6044,3009,3035,404,215,189,4615,2292,2323,4429,2201,2228,1255,601,654,145,68,77,39.900002,39,40.799999
16,7,Idaho,Bear Lake County,2019,6125,3069,3056,420,236,184,4687,2333,2354,4478,2226,2252,1265,607,658,149,71,78,39.700001,38.799999,40.900002
16,9,Idaho,Benewah County,2010c,9285,4732,4553,602,313,289,7366,3720,3646,7084,3574,3510,1699,869,830,163,60,103,44.799999,44.5,45
16,9,Idaho,Benewah County,2010b,9283,4731,4552,602,313,289,7364,3719,3645,7082,3573,3509,1697,868,829,163,60,103,44.799999,44.5,45
16,9,Idaho,Benewah County,2010,9290,4727,4563,602,311,291,7371,3720,3651,7093,3578,3515,1716,877,839,166,61,105,44.900002,44.599998,45.099998
16,9,Idaho,Benewah County,2011,9173,4660,4513,566,296,270,7296,3687,3609,7036,3546,3490,1730,893,837,155,54,101,45.299999,45.099998,45.5
16,9,Idaho,Benewah County,2012,9126,4622,4504,553,267,286,7305,3702,3603,7048,3556,3492,1804,925,879,165,61,104,45.799999,45.700001,45.900002
16,9,Idaho,Benewah County,2013,9030,4560,4470,541,246,295,7267,3682,3585,7027,3548,3479,1873,949,924,174,68,106,46.299999,46.400002,46.200001
16,9,Idaho,Benewah County,2014,9032,4589,4443,556,265,291,7250,3697,3553,7034,3573,3461,1894,971,923,163,72,91,46.299999,46.299999,46.299999
16,9,Idaho,Benewah County,2015,8996,4573,4423,564,280,284,7212,3656,3556,6988,3539,3449,1921,979,942,148,67,81,46.299999,46,46.599998
16,9,Idaho,Benewah County,2016,9021,4565,4456,554,272,282,7192,3638,3554,6964,3527,3437,1971,1000,971,153,74,79,46.299999,46.200001,46.299999
16,9,Idaho,Benewah County,2017,9157,4668,4489,530,277,253,7297,3693,3604,7059,3579,3480,1996,1017,979,162,83,79,45.900002,45.599998,46.200001
16,9,Idaho,Benewah County,2018,9218,4722,4496,520,281,239,7382,3755,3627,7133,3632,3501,2064,1069,995,159,82,77,46.200001,45.599998,46.700001
16,9,Idaho,Benewah County,2019,9298,4775,4523,503,264,239,7480,3813,3667,7245,3691,3554,2118,1098,1020,160,78,82,46.400002,45.599998,47.099998
16,11,Idaho,Bingham County,2010c,45607,22885,22722,4403,2263,2140,32172,15937,16235,30559,15129,15430,5214,2436,2778,603,228,375,31.799999,31,32.599998
16,11,Idaho,Bingham County,2010b,45605,22884,22721,4403,2263,2140,32170,15936,16234,30557,15128,15429,5214,2436,2778,603,228,375,31.799999,31,32.5
16,11,Idaho,Bingham County,2010,45765,22978,22787,4416,2277,2139,32268,15988,16280,30667,15188,15479,5247,2455,2792,597,226,371,31.700001,31,32.5
16,11,Idaho,Bingham County,2011,45893,23032,22861,4271,2218,2053,32446,16087,16359,30893,15288,15605,5344,2507,2837,607,236,371,31.9,31.1,32.599998
16,11,Idaho,Bingham County,2012,45510,22837,22673,4037,2083,1954,32327,16052,16275,30801,15250,15551,5523,2600,2923,612,237,375,32.400002,31.799999,33.099998
16,11,Idaho,Bingham County,2013,45423,22813,22610,3903,1990,1913,32450,16133,16317,30935,15337,15598,5716,2713,3003,655,255,400,32.799999,32.200001,33.400002
16,11,Idaho,Bingham County,2014,45214,22706,22508,3708,1912,1796,32420,16103,16317,30882,15296,15586,5861,2805,3056,683,278,405,33.200001,32.5,33.799999
16,11,Idaho,Bingham County,2015,45057,22591,22466,3625,1847,1778,32407,16125,16282,30887,15317,15570,5973,2866,3107,705,292,413,33.400002,32.900002,33.900002
16,11,Idaho,Bingham County,2016,45315,22674,22641,3614,1805,1809,32711,16270,16441,31134,15447,15687,6103,2927,3176,713,298,415,33.5,33,33.900002
16,11,Idaho,Bingham County,2017,45884,22908,22976,3607,1784,1823,33259,16547,16712,31630,15708,15922,6271,2997,3274,722,296,426,33.700001,33.200001,34.099998
16,11,Idaho,Bingham County,2018,46129,23017,23112,3407,1684,1723,33611,16740,16871,31950,15855,16095,6527,3119,3408,730,300,430,34,33.599998,34.400002
16,11,Idaho,Bingham County,2019,46811,23314,23497,3355,1664,1691,34176,16989,17187,32589,16164,16425,6788,3238,3550,712,292,420,34.200001,33.700001,34.599998
16,13,Idaho,Blaine County,2010c,21376,10886,10490,1414,719,695,16741,8536,8205,16173,8232,7941,2476,1301,1175,186,82,104,40.400002,40,40.799999
16,13,Idaho,Blaine County,2010b,21377,10886,10491,1414,719,695,16742,8536,8206,16174,8232,7942,2477,1301,1176,186,82,104,40.400002,40,40.799999
16,13,Idaho,Blaine County,2010,21295,10833,10462,1390,710,680,16702,8505,8197,16129,8202,7927,2513,1317,1196,186,83,103,40.599998,40.200001,41
16,13,Idaho,Blaine County,2011,21083,10731,10352,1293,667,626,16603,8427,8176,16028,8140,7888,2677,1383,1294,189,90,99,41.099998,40.700001,41.5
16,13,Idaho,Blaine County,2012,21127,10753,10374,1238,628,610,16653,8457,8196,16138,8196,7942,2955,1520,1435,204,94,110,41.5,41.099998,42
16,13,Idaho,Blaine County,2013,21325,10863,10462,1225,643,582,16822,8537,8285,16311,8280,8031,3175,1629,1546,215,99,116,42,41.099998,42.599998
16,13,Idaho,Blaine County,2014,21455,10871,10584,1183,600,583,16978,8583,8395,16462,8333,8129,3393,1723,1670,243,112,131,42.200001,41.5,42.799999
16,13,Idaho,Blaine County,2015,21636,10979,10657,1195,615,580,17128,8670,8458,16576,8388,8188,3627,1809,1818,264,117,147,42.299999,41.299999,43.200001
16,13,Idaho,Blaine County,2016,22062,11145,10917,1206,597,609,17594,8852,8742,16995,8545,8450,3890,1943,1947,276,124,152,42.5,41.400002,43.599998
16,13,Idaho,Blaine County,2017,22373,11285,11088,1157,575,582,17997,9017,8980,17361,8706,8655,4140,2054,2086,309,139,170,43.099998,41.799999,44.099998
16,13,Idaho,Blaine County,2018,22771,11445,11326,1121,544,577,18433,9192,9241,17771,8869,8902,4430,2197,2233,337,152,185,43.5,42.200001,44.700001
16,13,Idaho,Blaine County,2019,23021,11566,11455,1099,542,557,18810,9370,9440,18163,9046,9117,4683,2326,2357,356,160,196,44.200001,42.900002,45.299999
16,15,Idaho,Boise County,2010c,7028,3671,3357,310,173,137,5710,2988,2722,5519,2891,2628,1118,628,490,62,31,31,48.400002,48.599998,48.099998
16,15,Idaho,Boise County,2010b,7027,3671,3356,310,173,137,5709,2988,2721,5518,2891,2627,1118,628,490,62,31,31,48.400002,48.599998,48.099998
16,15,Idaho,Boise County,2010,7005,3655,3350,301,170,131,5709,2979,2730,5522,2887,2635,1132,635,497,62,31,31,48.599998,48.700001,48.400002
16,15,Idaho,Boise County,2011,6986,3611,3375,272,147,125,5725,2959,2766,5547,2882,2665,1201,674,527,69,32,37,49.200001,49.700001,48.700001
16,15,Idaho,Boise County,2012,6790,3501,3289,228,128,100,5628,2888,2740,5436,2798,2638,1304,735,569,71,34,37,50.200001,50.700001,49.599998
16,15,Idaho,Boise County,2013,6720,3456,3264,211,123,88,5619,2870,2749,5428,2777,2651,1391,778,613,71,33,38,51.299999,51.799999,50.700001
16,15,Idaho,Boise County,2014,6779,3507,3272,220,119,101,5730,2953,2777,5522,2839,2683,1462,818,644,81,39,42,51.799999,52.400002,51.200001
16,15,Idaho,Boise County,2015,6963,3587,3376,222,125,97,5920,3024,2896,5711,2909,2802,1602,889,713,88,35,53,52.5,53.099998,51.799999
16,15,Idaho,Boise County,2016,7095,3691,3404,241,139,102,6053,3115,2938,5871,3026,2845,1714,961,753,97,46,51,52.900002,53.299999,52.5
16,15,Idaho,Boise County,2017,7347,3807,3540,274,150,124,6261,3220,3041,6067,3115,2952,1798,1003,795,107,51,56,52.900002,53.700001,52.200001
16,15,Idaho,Boise County,2018,7655,3979,3676,276,153,123,6547,3366,3181,6364,3266,3098,1931,1073,858,123,59,64,52.900002,53.599998,52.400002
16,15,Idaho,Boise County,2019,7831,4076,3755,279,148,131,6745,3493,3252,6551,3384,3167,2058,1151,907,132,67,65,53.299999,54.099998,52.700001
16,17,Idaho,Bonner County,2010c,40877,20592,20285,2142,1106,1036,33106,16576,16530,32027,16043,15984,7009,3477,3532,746,266,480,45.799999,45.200001,46.299999
16,17,Idaho,Bonner County,2010b,40877,20592,20285,2142,1106,1036,33106,16576,16530,32027,16043,15984,7009,3477,3532,746,266,480,45.799999,45.200001,46.299999
16,17,Idaho,Bonner County,2010,40902,20597,20305,2134,1114,1020,33130,16579,16551,32062,16049,16013,7066,3504,3562,749,267,482,45.900002,45.299999,46.400002
16,17,Idaho,Bonner County,2011,40782,20479,20303,2066,1072,994,33184,16602,16582,32129,16073,16056,7350,3673,3677,774,292,482,46.5,46,46.900002
16,17,Idaho,Bonner County,2012,40347,20243,20104,2014,1038,976,33002,16486,16516,31926,15928,15998,7738,3889,3849,802,288,514,47.200001,46.700001,47.599998
16,17,Idaho,Bonner County,2013,40525,20255,20270,1962,967,995,33288,16557,16731,32193,16024,16169,8205,4122,4083,813,296,517,47.5,47.099998,48
16,17,Idaho,Bonner County,2014,41289,20635,20654,2042,1018,1024,33895,16853,17042,32836,16341,16495,8723,4399,4324,833,310,523,47.5,47.099998,47.799999
16,17,Idaho,Bonner County,2015,41600,20779,20821,2055,1013,1042,34275,17084,17191,33216,16556,16660,9210,4664,4546,872,330,542,47.900002,47.700001,48.200001
16,17,Idaho,Bonner County,2016,42357,21098,21259,2114,1007,1107,34971,17408,17563,33914,16873,17041,9756,4937,4819,873,334,539,48.099998,48,48.299999
16,17,Idaho,Bonner County,2017,43654,21756,21898,2234,1048,1186,36010,17910,18100,34916,17394,17522,10310,5229,5081,907,359,548,48.099998,47.900002,48.299999
16,17,Idaho,Bonner County,2018,44705,22260,22445,2246,1071,1175,37008,18394,18614,35873,17868,18005,10958,5565,5393,983,414,569,48.299999,48,48.5
16,17,Idaho,Bonner County,2019,45739,22846,22893,2287,1107,1180,37860,18871,18989,36726,18305,18421,11614,5875,5739,1010,430,580,48.5,48.299999,48.799999
16,19,Idaho,Bonneville County,2010c,104234,51996,52238,9975,5169,4806,74745,36828,37917,71440,35107,36333,11343,5022,6321,1583,568,1015,31.700001,31,32.400002
16,19,Idaho,Bonneville County,2010b,104294,52015,52279,9975,5169,4806,74809,36850,37959,71504,35129,36375,11404,5041,6363,1611,576,1035,31.700001,31,32.5
16,19,Idaho,Bonneville County,2010,104675,52230,52445,10011,5179,4832,75058,36994,38064,71749,35279,36470,11494,5086,6408,1625,581,1044,31.700001,31,32.5
16,19,Idaho,Bonneville County,2011,105813,52703,53110,10016,5078,4938,75900,37415,38485,72602,35749,36853,11779,5242,6537,1696,615,1081,31.9,31.299999,32.5
16,19,Idaho,Bonneville County,2012,106764,53107,53657,9813,4998,4815,76505,37652,38853,73281,36017,37264,12161,5492,6669,1696,631,1065,32,31.5,32.599998
16,19,Idaho,Bonneville County,2013,107369,53324,54045,9663,4826,4837,76903,37821,39082,73633,36154,37479,12609,5709,6900,1709,639,1070,32.099998,31.700001,32.599998
16,19,Idaho,Bonneville County,2014,108236,53745,54491,9422,4693,4729,77678,38274,39404,74284,36509,37775,13083,5967,7116,1711,657,1054,32.400002,31.9,32.900002
16,19,Idaho,Bonneville County,2015,109849,54620,55229,9471,4709,4762,78924,38910,40014,75465,37083,38382,13606,6219,7387,1774,678,1096,32.599998,32.099998,33.200001
16,19,Idaho,Bonneville County,2016,112118,55827,56291,9636,4879,4757,80768,39906,40862,77187,38072,39115,14235,6554,7681,1810,681,1129,32.700001,32.200001,33.200001
16,19,Idaho,Bonneville County,2017,114488,57061,57427,9682,4942,4740,82762,40909,41853,79032,39022,40010,14841,6857,7984,1817,711,1106,32.799999,32.400002,33.299999
16,19,Idaho,Bonneville County,2018,116444,58165,58279,9731,5065,4666,84503,41813,42690,80747,39919,40828,15465,7147,8318,1798,703,1095,33,32.400002,33.599998
16,19,Idaho,Bonneville County,2019,119062,59452,59610,9937,5123,4814,86751,42943,43808,82945,41030,41915,16112,7427,8685,1778,703,1075,33,32.400002,33.599998
16,21,Idaho,Boundary County,2010c,10972,5549,5423,687,352,335,8523,4288,4235,8160,4101,4059,1832,936,896,213,72,141,42.799999,42.400002,43.200001
16,21,Idaho,Boundary County,2010b,10972,5549,5423,687,352,335,8523,4288,4235,8160,4101,4059,1832,936,896,213,72,141,42.799999,42.400002,43.200001
16,21,Idaho,Boundary County,2010,10999,5563,5436,682,348,334,8545,4299,4246,8189,4117,4072,1838,944,894,213,72,141,42.700001,42.299999,43
16,21,Idaho,Boundary County,2011,10823,5476,5347,619,328,291,8493,4275,4218,8160,4102,4058,1920,974,946,228,76,152,43.400002,43,43.799999
16,21,Idaho,Boundary County,2012,10817,5470,5347,599,323,276,8547,4293,4254,8210,4111,4099,2026,1022,1004,227,70,157,43.900002,43.099998,44.5
16,21,Idaho,Boundary County,2013,10853,5502,5351,595,319,276,8615,4345,4270,8277,4168,4109,2135,1083,1052,227,65,162,44.400002,43.5,45.099998
16,21,Idaho,Boundary County,2014,10956,5529,5427,603,317,286,8762,4403,4359,8425,4226,4199,2212,1123,1089,234,79,155,44.700001,43.900002,45.5
16,21,Idaho,Boundary County,2015,11299,5700,5599,687,356,331,8991,4516,4475,8632,4332,4300,2294,1164,1130,240,87,153,44.299999,43.200001,45.099998
16,21,Idaho,Boundary County,2016,11701,5874,5827,777,407,370,9295,4641,4654,8929,4459,4470,2392,1214,1178,249,92,157,43.700001,43,44.5
16,21,Idaho,Boundary County,2017,11965,5997,5968,799,431,368,9505,4729,4776,9136,4551,4585,2514,1281,1233,257,97,160,43.900002,43.099998,44.599998
16,21,Idaho,Boundary County,2018,12016,6040,5976,745,393,352,9558,4784,4774,9225,4614,4611,2692,1362,1330,272,102,170,44.700001,43.900002,45.5
16,21,Idaho,Boundary County,2019,12245,6146,6099,789,396,393,9769,4879,4890,9429,4707,4722,2825,1424,1401,279,97,182,44.599998,44,45.400002
16,23,Idaho,Butte County,2010c,2891,1485,1406,214,109,105,2175,1106,1069,2076,1055,1021,506,251,255,56,22,34,41.700001,41.200001,42.400002
16,23,Idaho,Butte County,2010b,2893,1486,1407,214,109,105,2177,1107,1070,2078,1056,1022,507,252,255,56,22,34,41.799999,41.299999,42.5
16,23,Idaho,Butte County,2010,2915,1496,1419,225,114,111,2188,1114,1074,2088,1063,1025,513,255,258,59,24,35,41.400002,40.900002,41.799999
16,23,Idaho,Butte County,2011,2833,1448,1385,184,88,96,2164,1104,1060,2056,1046,1010,525,260,265,60,26,34,42.700001,42.400002,42.900002
16,23,Idaho,Butte County,2012,2760,1406,1354,178,88,90,2138,1089,1049,2040,1030,1010,549,284,265,58,24,34,43.200001,42.700001,43.599998
16,23,Idaho,Butte County,2013,2667,1372,1295,165,84,81,2070,1072,998,1992,1022,970,557,294,263,54,23,31,43.900002,43.5,44.299999
16,23,Idaho,Butte County,2014,2658,1351,1307,160,79,81,2067,1065,1002,1984,1017,967,558,294,264,58,23,35,43.700001,43.799999,43.700001
16,23,Idaho,Butte County,2015,2566,1302,1264,148,77,71,2017,1023,994,1933,983,950,570,303,267,61,27,34,44.099998,43.900002,44.400002
16,23,Idaho,Butte County,2016,2572,1314,1258,136,72,64,2020,1028,992,1942,991,951,588,308,280,65,28,37,44.400002,44.099998,44.799999
16,23,Idaho,Butte County,2017,2585,1321,1264,127,65,62,2022,1033,989,1956,994,962,599,313,286,73,29,44,44.5,44,45.099998
16,23,Idaho,Butte County,2018,2587,1303,1284,140,67,73,2035,1037,998,1963,995,968,604,311,293,71,24,47,44.599998,45,44.200001
16,23,Idaho,Butte County,2019,2597,1324,1273,147,75,72,2052,1046,1006,1966,1005,961,614,312,302,69,22,47,44.200001,44.200001,44.200001
16,25,Idaho,Camas County,2010c,1117,582,535,63,36,27,896,469,427,877,457,420,178,93,85,23,12,11,44.299999,45.200001,43.5
16,25,Idaho,Camas County,2010b,1117,582,535,63,36,27,896,469,427,877,457,420,178,93,85,23,12,11,44.299999,45.200001,43.5
16,25,Idaho,Camas County,2010,1116,581,535,66,35,31,892,468,424,872,455,417,185,99,86,24,13,11,44.5,45.599998,43.400002
16,25,Idaho,Camas County,2011,1115,579,536,67,32,35,884,469,415,854,451,403,183,103,80,19,11,8,42.700001,45.099998,40.900002
16,25,Idaho,Camas County,2012,1085,559,526,64,32,32,852,449,403,821,432,389,187,103,84,16,9,7,43,45.799999,41
16,25,Idaho,Camas County,2013,1043,537,506,68,35,33,818,427,391,794,415,379,193,109,84,18,13,5,44.900002,48.200001,42.299999
16,25,Idaho,Camas County,2014,1054,542,512,61,31,30,825,434,391,798,417,381,211,122,89,20,13,7,44.099998,48,41.599998
16,25,Idaho,Camas County,2015,1070,548,522,57,28,29,853,446,407,822,430,392,229,129,100,21,13,8,44.799999,47.299999,42.799999
16,25,Idaho,Camas County,2016,1082,562,520,54,28,26,851,449,402,829,441,388,235,134,101,24,12,12,44.700001,46.200001,43
16,25,Idaho,Camas County,2017,1096,557,539,47,24,23,868,456,412,840,443,397,242,131,111,27,9,18,45.599998,46.799999,43.400002
16,25,Idaho,Camas County,2018,1121,571,550,53,30,23,888,466,422,859,452,407,252,135,117,26,7,19,45.400002,46.900002,43.299999
16,25,Idaho,Camas County,2019,1106,565,541,42,26,16,884,459,425,862,451,411,270,146,124,29,9,20,47.200001,47.400002,46.799999
16,27,Idaho,Canyon County,2010c,188923,93506,95417,17143,8768,8375,135485,66191,69294,129431,63111,66320,20396,9125,11271,2752,953,1799,31.6,30.9,32.299999
16,27,Idaho,Canyon County,2010b,188922,93507,95415,17147,8772,8375,135485,66191,69294,129432,63111,66321,20396,9125,11271,2752,953,1799,31.6,30.9,32.299999
16,27,Idaho,Canyon County,2010,189347,93695,95652,17037,8696,8341,135957,66435,69522,129883,63331,66552,20607,9230,11377,2782,968,1814,31.799999,31,32.400002
16,27,Idaho,Canyon County,2011,191354,94604,96750,16713,8482,8231,138096,67398,70698,131979,64287,67692,21471,9663,11808,2829,988,1841,32.099998,31.4,32.799999
16,27,Idaho,Canyon County,2012,193734,95691,98043,16290,8287,8003,140678,68660,72018,134394,65449,68945,22737,10332,12405,2821,990,1831,32.599998,31.9,33.299999
16,27,Idaho,Canyon County,2013,198590,98295,100295,16183,8283,7900,144730,70750,73980,138214,67385,70829,23873,10900,12973,2805,977,1828,32.700001,31.9,33.400002
16,27,Idaho,Canyon County,2014,202440,100095,102345,16101,8250,7851,148238,72427,75811,141724,69043,72681,25093,11518,13575,2823,985,1838,33,32.200001,33.700001
16,27,Idaho,Canyon County,2015,206842,102290,104552,16243,8188,8055,152003,74429,77574,145328,71000,74328,26364,12113,14251,2857,1003,1854,33.200001,32.400002,33.900002
16,27,Idaho,Canyon County,2016,211381,104666,106715,16286,8270,8016,156110,76528,79582,149213,73047,76166,27626,12684,14942,2871,1029,1842,33.400002,32.599998,34.200001
16,27,Idaho,Canyon County,2017,216858,107423,109435,16470,8366,8104,161229,79117,82112,154117,75524,78593,29100,13408,15692,2915,1072,1843,33.700001,32.900002,34.5
16,27,Idaho,Canyon County,2018,223236,110665,112571,16625,8429,8196,166931,81993,84938,159823,78372,81451,30632,14160,16472,2996,1117,1879,34,33.200001,34.700001
16,27,Idaho,Canyon County,2019,229849,114075,115774,16761,8583,8178,172783,84971,87812,165731,81359,84372,32213,14961,17252,3062,1174,1888,34.200001,33.400002,35
16,29,Idaho,Caribou County,2010c,6963,3509,3454,547,255,292,5179,2617,2562,4947,2479,2468,1103,498,605,139,41,98,37.700001,36.400002,38.900002
16,29,Idaho,Caribou County,2010b,6963,3509,3454,547,255,292,5179,2617,2562,4947,2479,2468,1103,498,605,139,41,98,37.700001,36.400002,38.900002
16,29,Idaho,Caribou County,2010,6974,3514,3460,551,260,291,5186,2620,2566,4953,2482,2471,1106,498,608,136,39,97,37.599998,36.299999,38.900002
16,29,Idaho,Caribou County,2011,6844,3443,3401,541,271,270,5101,2573,2528,4875,2454,2421,1119,503,616,131,40,91,37.900002,36.700001,39.299999
16,29,Idaho,Caribou County,2012,6771,3423,3348,516,273,243,5079,2552,2527,4870,2449,2421,1135,510,625,130,46,84,37.900002,36.400002,40
16,29,Idaho,Caribou County,2013,6787,3435,3352,523,283,240,5029,2540,2489,4832,2440,2392,1123,509,614,124,45,79,36.799999,36.099998,37.900002
16,29,Idaho,Caribou County,2014,6794,3443,3351,530,286,244,5033,2535,2498,4833,2432,2401,1145,528,617,128,45,83,37.200001,36.5,38.299999
16,29,Idaho,Caribou County,2015,6733,3416,3317,491,259,232,5005,2535,2470,4802,2431,2371,1171,541,630,135,56,79,37.599998,37.099998,38.299999
16,29,Idaho,Caribou County,2016,6867,3489,3378,492,263,229,5120,2596,2524,4902,2475,2427,1207,561,646,143,57,86,37.599998,37.099998,38.200001
16,29,Idaho,Caribou County,2017,6973,3557,3416,517,274,243,5189,2633,2556,4965,2515,2450,1201,563,638,134,49,85,37.299999,36.5,38.099998
16,29,Idaho,Caribou County,2018,7037,3601,3436,497,266,231,5245,2660,2585,5007,2537,2470,1229,574,655,141,51,90,37.299999,36.299999,38.200001
16,29,Idaho,Caribou County,2019,7155,3651,3504,516,273,243,5337,2708,2629,5079,2576,2503,1241,574,667,149,61,88,37.200001,36.299999,38
16,31,Idaho,Cassia County,2010c,22952,11612,11340,2144,1101,1043,16229,8148,8081,15365,7722,7643,2954,1325,1629,433,154,279,32,31,33.099998
16,31,Idaho,Cassia County,2010b,22964,11616,11348,2146,1102,1044,16234,8150,8084,15370,7724,7646,2955,1325,1630,434,155,279,32,31,33.099998
16,31,Idaho,Cassia County,2010,23080,11656,11424,2161,1102,1059,16297,8176,8121,15450,7759,7691,2940,1321,1619,427,151,276,31.9,31,32.900002
16,31,Idaho,Cassia County,2011,23106,11691,11415,2078,1061,1017,16304,8194,8110,15542,7819,7723,2955,1330,1625,414,155,259,32.099998,31.299999,33.099998
16,31,Idaho,Cassia County,2012,23263,11822,11441,2075,1046,1029,16451,8306,8145,15681,7895,7786,3028,1375,1653,412,151,261,32.099998,31.200001,32.900002
16,31,Idaho,Cassia County,2013,23344,11851,11493,2038,1020,1018,16480,8312,8168,15701,7897,7804,3032,1386,1646,378,136,242,31.9,31,32.799999
16,31,Idaho,Cassia County,2014,23503,11977,11526,2058,1050,1008,16643,8430,8213,15847,8032,7815,3114,1443,1671,385,142,243,32.099998,31.4,32.900002
16,31,Idaho,Cassia County,2015,23499,12022,11477,2037,1054,983,16662,8484,8178,15847,8056,7791,3164,1468,1696,373,134,239,32.200001,31.299999,33.099998
16,31,Idaho,Cassia County,2016,23479,11985,11494,1955,998,957,16718,8485,8233,15873,8034,7839,3225,1490,1735,414,149,265,32.400002,31.299999,33.400002
16,31,Idaho,Cassia County,2017,23650,12087,11563,1871,964,907,16968,8614,8354,16094,8163,7931,3295,1548,1747,421,151,270,32.700001,31.5,33.700001
16,31,Idaho,Cassia County,2018,23791,12113,11678,1881,968,913,17116,8672,8444,16237,8218,8019,3372,1592,1780,411,145,266,32.599998,31.4,33.700001
16,31,Idaho,Cassia County,2019,24030,12219,11811,1933,987,946,17323,8772,8551,16443,8314,8129,3473,1637,1836,407,142,265,32.599998,31.4,33.900002
16,33,Idaho,Clark County,2010c,982,543,439,82,48,34,710,389,321,674,368,306,129,65,64,11,5,6,32.700001,29.9,35.299999
16,33,Idaho,Clark County,2010b,982,543,439,82,48,34,710,389,321,674,368,306,129,65,64,11,5,6,32.700001,29.9,35.299999
16,33,Idaho,Clark County,2010,980,541,439,81,48,33,708,387,321,673,367,306,129,64,65,11,5,6,32.799999,29.799999,35.400002
16,33,Idaho,Clark County,2011,954,527,427,72,41,31,696,379,317,663,362,301,136,69,67,10,5,5,33.5,30.4,36.299999
16,33,Idaho,Clark County,2012,884,470,414,61,32,29,659,351,308,628,336,292,134,68,66,11,6,5,36.799999,32.900002,37.799999
16,33,Idaho,Clark County,2013,879,461,418,52,27,25,664,353,311,634,341,293,132,66,66,11,8,3,36.900002,35.5,38
16,33,Idaho,Clark County,2014,889,471,418,58,35,23,659,352,307,631,340,291,131,67,64,9,6,3,35.200001,34.400002,36.099998
16,33,Idaho,Clark County,2015,886,473,413,55,33,22,672,362,310,642,348,294,136,72,64,11,6,5,35.099998,34.900002,35.299999
16,33,Idaho,Clark County,2016,870,462,408,48,27,21,679,358,321,642,342,300,138,72,66,15,7,8,36.5,36.200001,36.799999
16,33,Idaho,Clark County,2017,879,453,426,52,30,22,687,356,331,651,339,312,137,71,66,16,9,7,36.900002,37.599998,36.200001
16,33,Idaho,Clark County,2018,851,435,416,49,28,21,682,352,330,656,338,318,149,77,72,18,10,8,38.400002,40.400002,37.5
16,33,Idaho,Clark County,2019,845,432,413,47,23,24,683,348,335,659,343,316,164,84,80,20,11,9,39.799999,42,38.400002
16,35,Idaho,Clearwater County,2010c,8761,4739,4022,373,193,180,7413,4015,3398,7205,3910,3295,1960,1003,957,212,92,120,49,47.900002,50.200001
16,35,Idaho,Clearwater County,2010b,8761,4739,4022,373,193,180,7413,4015,3398,7205,3910,3295,1960,1003,957,212,92,120,49,47.900002,50.200001
16,35,Idaho,Clearwater County,2010,8727,4726,4001,369,189,180,7389,4003,3386,7185,3902,3283,1953,1000,953,212,93,119,49,47.900002,50.299999
16,35,Idaho,Clearwater County,2011,8609,4660,3949,336,175,161,7338,3965,3373,7138,3868,3270,1955,991,964,225,90,135,49.5,48,51
16,35,Idaho,Clearwater County,2012,8579,4637,3942,332,154,178,7334,3979,3355,7143,3877,3266,2066,1050,1016,243,97,146,50.099998,48.599998,51.700001
16,35,Idaho,Clearwater County,2013,8568,4675,3893,313,142,171,7369,4044,3325,7179,3930,3249,2115,1084,1031,243,100,143,50.299999,48.400002,52.200001
16,35,Idaho,Clearwater County,2014,8561,4710,3851,315,166,149,7347,4056,3291,7119,3920,3199,2181,1134,1047,237,92,145,50.400002,48.200001,52.700001
16,35,Idaho,Clearwater County,2015,8554,4709,3845,316,178,138,7355,4062,3293,7146,3945,3201,2230,1160,1070,230,81,149,50.400002,48.099998,52.900002
16,35,Idaho,Clearwater County,2016,8651,4793,3858,318,183,135,7418,4102,3316,7206,3978,3228,2296,1197,1099,245,92,153,50.200001,47.799999,53.299999
16,35,Idaho,Clearwater County,2017,8646,4771,3875,315,187,128,7445,4099,3346,7235,3972,3263,2332,1207,1125,252,92,160,50.400002,48.099998,53.700001
16,35,Idaho,Clearwater County,2018,8758,4824,3934,323,196,127,7566,4152,3414,7340,4014,3326,2391,1249,1142,264,99,165,50.700001,48.5,53.900002
16,35,Idaho,Clearwater County,2019,8756,4836,3920,318,183,135,7589,4189,3400,7374,4055,3319,2451,1277,1174,271,105,166,51.299999,49,54.200001
16,37,Idaho,Custer County,2010c,4368,2318,2050,219,117,102,3623,1922,1701,3510,1862,1648,818,421,397,81,37,44,48,47.700001,48.200001
16,37,Idaho,Custer County,2010b,4366,2317,2049,219,117,102,3621,1921,1700,3508,1861,1647,817,420,397,81,37,44,47.900002,47.700001,48.200001
16,37,Idaho,Custer County,2010,4357,2312,2045,212,112,100,3624,1921,1703,3510,1862,1648,819,421,398,80,36,44,48.099998,47.799999,48.299999
16,37,Idaho,Custer County,2011,4325,2288,2037,218,107,111,3606,1915,1691,3502,1862,1640,829,433,396,80,37,43,48.799999,48.700001,48.799999
16,37,Idaho,Custer County,2012,4327,2283,2044,201,115,86,3600,1888,1712,3508,1843,1665,876,463,413,87,43,44,49.099998,48.700001,49.400002
16,37,Idaho,Custer County,2013,4225,2192,2033,184,98,86,3528,1835,1693,3435,1790,1645,925,488,437,89,40,49,50.099998,50.299999,49.900002
16,37,Idaho,Custer County,2014,4132,2116,2016,167,74,93,3510,1807,1703,3399,1751,1648,979,514,465,91,37,54,51.599998,52.200001,51
16,37,Idaho,Custer County,2015,4059,2080,1979,160,69,91,3457,1786,1671,3365,1741,1624,1045,554,491,93,32,61,52.5,53.299999,51.599998
16,37,Idaho,Custer County,2016,4084,2095,1989,176,74,102,3488,1803,1685,3405,1762,1643,1110,596,514,94,35,59,53.299999,53.900002,52.5
16,37,Idaho,Custer County,2017,4135,2126,2009,191,85,106,3529,1836,1693,3436,1779,1657,1184,632,552,111,48,63,52.900002,53.599998,52.200001
16,37,Idaho,Custer County,2018,4250,2189,2061,197,98,99,3611,1872,1739,3517,1814,1703,1234,643,591,115,46,69,52.700001,52.700001,52.799999
16,37,Idaho,Custer County,2019,4315,2205,2110,201,104,97,3668,1876,1792,3574,1835,1739,1298,665,633,123,43,80,53.099998,52.900002,53.299999
16,39,Idaho,Elmore County,2010c,27038,13971,13067,2508,1344,1164,20174,10393,9781,19363,9970,9393,2716,1238,1478,300,99,201,30,28.9,31.299999
16,39,Idaho,Elmore County,2010b,27040,13972,13068,2508,1344,1164,20176,10394,9782,19365,9971,9394,2716,1238,1478,300,99,201,30,28.9,31.299999
16,39,Idaho,Elmore County,2010,27121,14015,13106,2498,1336,1162,20250,10438,9812,19447,10019,9428,2746,1252,1494,301,101,200,30,29,31.299999
16,39,Idaho,Elmore County,2011,26221,13571,12650,2314,1243,1071,19742,10187,9555,18984,9787,9197,2789,1279,1510,292,100,192,30.4,29.200001,32
16,39,Idaho,Elmore County,2012,26287,13681,12606,2304,1224,1080,19927,10357,9570,19197,10000,9197,2891,1342,1549,289,106,183,30.4,29.299999,31.9
16,39,Idaho,Elmore County,2013,26267,13724,12543,2213,1175,1038,20047,10493,9554,19320,10134,9186,2986,1389,1597,285,102,183,30.700001,29.4,32.299999
16,39,Idaho,Elmore County,2014,26226,13692,12534,2199,1149,1050,19998,10494,9504,19283,10115,9168,3079,1441,1638,284,109,175,30.9,29.6,32.5
16,39,Idaho,Elmore County,2015,25826,13506,12320,2083,1049,1034,19834,10426,9408,19165,10102,9063,3184,1511,1673,284,115,169,31.6,30.299999,33.099998
16,39,Idaho,Elmore County,2016,26137,13666,12471,2126,1045,1081,20136,10590,9546,19505,10294,9211,3321,1588,1733,288,110,178,31.9,30.6,33.400002
16,39,Idaho,Elmore County,2017,26881,14041,12840,2184,1092,1092,20657,10850,9807,20005,10533,9472,3472,1661,1811,326,130,196,31.9,30.5,33.400002
16,39,Idaho,Elmore County,2018,27362,14352,13010,2259,1134,1125,21096,11123,9973,20446,10793,9653,3649,1746,1903,352,143,209,31.799999,30.5,33.400002
16,39,Idaho,Elmore County,2019,27511,14415,13096,2241,1125,1116,21212,11188,10024,20550,10837,9713,3880,1857,2023,371,143,228,32.400002,31.4,33.900002
16,41,Idaho,Franklin County,2010c,12786,6486,6300,1219,641,578,8761,4376,4385,8288,4146,4142,1643,764,879,248,99,149,31.5,30.6,32.299999
16,41,Idaho,Franklin County,2010b,12786,6486,6300,1219,641,578,8761,4376,4385,8288,4146,4142,1643,764,879,248,99,149,31.5,30.6,32.299999
16,41,Idaho,Franklin County,2010,12781,6485,6296,1213,635,578,8754,4371,4383,8285,4141,4144,1634,758,876,249,100,149,31.5,30.6,32.299999
16,41,Idaho,Franklin County,2011,12810,6463,6347,1174,590,584,8772,4384,4388,8318,4161,4157,1645,776,869,256,103,153,31.700001,31.1,32.200001
16,41,Idaho,Franklin County,2012,12798,6477,6321,1116,557,559,8819,4402,4417,8343,4171,4172,1687,796,891,269,109,160,32.200001,31.299999,32.900002
16,41,Idaho,Franklin County,2013,12802,6471,6331,1075,516,559,8898,4438,4460,8386,4185,4201,1703,806,897,269,106,163,32.700001,31.799999,33.5
16,41,Idaho,Franklin County,2014,12910,6543,6367,1020,489,531,9041,4518,4523,8513,4245,4268,1743,826,917,256,93,163,33.099998,32.099998,34
16,41,Idaho,Franklin County,2015,12955,6602,6353,1015,513,502,9134,4607,4527,8606,4332,4274,1758,842,916,240,96,144,33.200001,32,34.099998
16,41,Idaho,Franklin County,2016,13320,6803,6517,1034,546,488,9437,4758,4679,8900,4477,4423,1812,882,930,254,95,159,33.099998,31.700001,34.299999
16,41,Idaho,Franklin County,2017,13467,6885,6582,1019,540,479,9646,4886,4760,9076,4575,4501,1874,929,945,243,94,149,33.5,32.400002,34.700001
16,41,Idaho,Franklin County,2018,13704,7009,6695,1011,529,482,9904,5019,4885,9341,4716,4625,1938,955,983,244,98,146,33.700001,32.700001,34.799999
16,41,Idaho,Franklin County,2019,13876,7121,6755,1023,538,485,10064,5117,4947,9507,4836,4671,2029,1008,1021,245,108,137,34,33,35.200001
16,43,Idaho,Fremont County,2010c,13242,6963,6279,1166,614,552,9591,5061,4530,9088,4771,4317,1844,933,911,167,68,99,33.5,33.200001,33.799999
16,43,Idaho,Fremont County,2010b,13237,6960,6277,1166,614,552,9586,5058,4528,9083,4768,4315,1842,932,910,167,68,99,33.5,33.200001,33.799999
16,43,Idaho,Fremont County,2010,13225,6951,6274,1158,608,550,9593,5057,4536,9094,4769,4325,1835,928,907,165,67,98,33.5,33.299999,33.900002
16,43,Idaho,Fremont County,2011,13109,6853,6256,1067,547,520,9585,5021,4564,9101,4738,4363,1856,929,927,161,62,99,34.299999,34.099998,34.599998
16,43,Idaho,Fremont County,2012,12966,6780,6186,1017,493,524,9591,5041,4550,9084,4749,4335,1896,960,936,160,67,93,35.200001,35,35.5
16,43,Idaho,Fremont County,2013,12872,6735,6137,925,473,452,9618,5033,4585,9141,4767,4374,1951,970,981,180,78,102,36,35.700001,36.299999
16,43,Idaho,Fremont County,2014,12803,6684,6119,856,431,425,9643,5048,4595,9167,4780,4387,2019,1002,1017,200,91,109,36.599998,36.299999,37.099998
16,43,Idaho,Fremont County,2015,12812,6655,6157,843,426,417,9732,5084,4648,9260,4821,4439,2052,1015,1037,209,98,111,37.200001,37,37.400002
16,43,Idaho,Fremont County,2016,12914,6717,6197,849,424,425,9911,5193,4718,9448,4928,4520,2115,1051,1064,206,98,108,37.799999,37.700001,37.900002
16,43,Idaho,Fremont County,2017,13122,6834,6288,870,430,440,10126,5338,4788,9653,5050,4603,2175,1087,1088,221,107,114,37.700001,37.799999,37.599998
16,43,Idaho,Fremont County,2018,13155,6877,6278,871,440,431,10245,5405,4840,9764,5128,4636,2211,1107,1104,224,107,117,38,37.900002,38.099998
16,43,Idaho,Fremont County,2019,13099,6858,6241,831,426,405,10311,5428,4883,9869,5188,4681,2286,1149,1137,226,107,119,38.700001,38.5,39
16,45,Idaho,Gem County,2010c,16719,8283,8436,1102,597,505,13117,6421,6696,12621,6149,6472,3107,1468,1639,429,170,259,42.900002,41.799999,44.099998
16,45,Idaho,Gem County,2010b,16719,8283,8436,1102,597,505,13117,6421,6696,12621,6149,6472,3107,1468,1639,429,170,259,42.900002,41.799999,44.099998
16,45,Idaho,Gem County,2010,16687,8263,8424,1076,581,495,13106,6415,6691,12620,6147,6473,3129,1477,1652,433,173,260,43.099998,42,44.200001
16,45,Idaho,Gem County,2011,16692,8267,8425,1007,530,477,13165,6447,6718,12681,6190,6491,3164,1508,1656,421,167,254,43.5,42.400002,44.400002
16,45,Idaho,Gem County,2012,16630,8213,8417,1003,505,498,13138,6429,6709,12678,6193,6485,3310,1582,1728,422,177,245,44.200001,43.299999,45
16,45,Idaho,Gem County,2013,16569,8228,8341,951,489,462,13125,6451,6674,12661,6216,6445,3417,1636,1781,429,181,248,44.299999,43.299999,45.400002
16,45,Idaho,Gem County,2014,16646,8297,8349,945,495,450,13187,6504,6683,12718,6274,6444,3476,1686,1790,415,182,233,44.400002,43.299999,45.299999
16,45,Idaho,Gem County,2015,16685,8313,8372,958,478,480,13290,6565,6725,12817,6329,6488,3562,1736,1826,425,193,232,44.599998,43.700001,45.5
16,45,Idaho,Gem County,2016,16959,8458,8501,1011,502,509,13482,6634,6848,12992,6380,6612,3617,1760,1857,414,181,233,44,42.900002,45.099998
16,45,Idaho,Gem County,2017,17311,8647,8664,1042,521,521,13760,6796,6964,13273,6551,6722,3688,1812,1876,388,170,218,43.900002,43.099998,44.900002
16,45,Idaho,Gem County,2018,17587,8814,8773,1052,562,490,14032,6946,7086,13562,6698,6864,3837,1897,1940,389,164,225,44.099998,43.200001,44.799999
16,45,Idaho,Gem County,2019,18112,9106,9006,1048,544,504,14490,7197,7293,13979,6921,7058,3986,1973,2013,382,165,217,43.900002,42.599998,44.900002
16,47,Idaho,Gooding County,2010c,15464,7999,7465,1288,667,621,11398,5875,5523,10901,5607,5294,2328,1103,1225,281,104,177,34.299999,33.299999,35.799999
16,47,Idaho,Gooding County,2010b,15472,8003,7469,1288,667,621,11406,5879,5527,10908,5611,5297,2328,1103,1225,281,104,177,34.400002,33.299999,35.799999
16,47,Idaho,Gooding County,2010,15471,7983,7488,1278,652,626,11411,5876,5535,10919,5611,5308,2321,1095,1226,284,105,179,34.400002,33.5,35.799999
16,47,Idaho,Gooding County,2011,15355,7904,7451,1211,612,599,11338,5829,5509,10862,5576,5286,2307,1090,1217,290,117,173,34.900002,34,35.900002
16,47,Idaho,Gooding County,2012,15250,7834,7416,1136,580,556,11311,5814,5497,10806,5536,5270,2365,1113,1252,306,126,180,35.299999,34.599998,36.099998
16,47,Idaho,Gooding County,2013,15169,7771,7398,1105,556,549,11284,5799,5485,10771,5522,5249,2420,1151,1269,290,129,161,35.599998,35.099998,36.200001
16,47,Idaho,Gooding County,2014,15086,7710,7376,1104,557,547,11284,5794,5490,10798,5536,5262,2475,1182,1293,307,134,173,36.099998,35.700001,36.700001
16,47,Idaho,Gooding County,2015,15188,7751,7437,1034,530,504,11424,5860,5564,10929,5600,5329,2521,1216,1305,329,145,184,36.400002,36.099998,36.700001
16,47,Idaho,Gooding County,2016,15135,7744,7391,1021,530,491,11433,5879,5554,10969,5654,5315,2534,1226,1308,335,154,181,36.799999,36.599998,37.099998
16,47,Idaho,Gooding County,2017,15121,7726,7395,1064,538,526,11411,5831,5580,10928,5591,5337,2581,1251,1330,348,161,187,37.099998,36.599998,37.5
16,47,Idaho,Gooding County,2018,15116,7679,7437,1066,541,525,11415,5812,5603,10965,5586,5379,2642,1292,1350,352,158,194,37.400002,37,37.700001
16,47,Idaho,Gooding County,2019,15179,7728,7451,1047,539,508,11512,5888,5624,11100,5674,5426,2712,1329,1383,354,155,199,37.799999,37.599998,38.099998
16,49,Idaho,Idaho County,2010c,16267,8492,7775,867,455,412,13317,6940,6377,12862,6718,6144,3444,1767,1677,352,152,200,48,47.200001,48.700001
16,49,Idaho,Idaho County,2010b,16267,8492,7775,867,455,412,13317,6940,6377,12862,6718,6144,3444,1767,1677,352,152,200,48,47.200001,48.700001
16,49,Idaho,Idaho County,2010,16310,8507,7803,861,443,418,13355,6960,6395,12904,6739,6165,3474,1786,1688,359,156,203,48.099998,47.299999,48.700001
16,49,Idaho,Idaho County,2011,16462,8587,7875,890,438,452,13486,7037,6449,13058,6814,6244,3552,1823,1729,373,159,214,48.299999,47.5,49.099998
16,49,Idaho,Idaho County,2012,16444,8577,7867,875,436,439,13507,7049,6458,13078,6819,6259,3741,1928,1813,408,179,229,48.799999,47.799999,49.700001
16,49,Idaho,Idaho County,2013,16249,8471,7778,841,430,411,13419,6989,6430,12991,6760,6231,3848,1988,1860,409,176,233,49.400002,48.200001,50.400002
16,49,Idaho,Idaho County,2014,16275,8535,7740,842,434,408,13441,7051,6390,13028,6831,6197,3963,2063,1900,420,188,232,49.599998,48.400002,50.799999
16,49,Idaho,Idaho County,2015,16301,8533,7768,832,441,391,13432,7041,6391,13008,6807,6201,4053,2110,1943,439,194,245,49.700001,48.299999,50.799999
16,49,Idaho,Idaho County,2016,16236,8516,7720,793,416,377,13466,7073,6393,13051,6845,6206,4219,2199,2020,462,198,264,50.200001,48.700001,51.299999
16,49,Idaho,Idaho County,2017,16373,8598,7775,805,429,376,13563,7124,6439,13173,6923,6250,4422,2306,2116,493,214,279,50.099998,48.5,51.700001
16,49,Idaho,Idaho County,2018,16476,8632,7844,769,404,365,13646,7172,6474,13239,6949,6290,4583,2395,2188,503,231,272,50.299999,48.799999,51.799999
16,49,Idaho,Idaho County,2019,16667,8726,7941,791,407,384,13836,7263,6573,13446,7051,6395,4773,2489,2284,515,243,272,50.400002,48.700001,52.099998
16,51,Idaho,Jefferson County,2010c,26140,13114,13026,2818,1419,1399,17773,8908,8865,16853,8437,8416,2504,1195,1309,251,100,151,30,30,30
16,51,Idaho,Jefferson County,2010b,26144,13117,13027,2818,1419,1399,17774,8909,8865,16854,8438,8416,2504,1195,1309,251,100,151,30,30,29.9
16,51,Idaho,Jefferson County,2010,26223,13162,13061,2802,1415,1387,17844,8943,8901,16923,8474,8449,2520,1206,1314,254,103,151,30,30,30.1
16,51,Idaho,Jefferson County,2011,26313,13219,13094,2670,1357,1313,18000,9010,8990,17085,8549,8536,2595,1248,1347,245,98,147,30.5,30.5,30.6
16,51,Idaho,Jefferson County,2012,26641,13377,13264,2639,1333,1306,18181,9107,9074,17286,8656,8630,2718,1309,1409,255,105,150,30.6,30.5,30.6
16,51,Idaho,Jefferson County,2013,26804,13459,13345,2507,1244,1263,18430,9264,9166,17503,8797,8706,2812,1363,1449,269,119,150,31,30.9,31.1
16,51,Idaho,Jefferson County,2014,26944,13563,13381,2479,1267,1212,18572,9343,9229,17583,8837,8746,2956,1425,1531,270,111,159,31.200001,31.1,31.4
16,51,Idaho,Jefferson County,2015,27127,13723,13404,2450,1260,1190,18735,9498,9237,17732,8979,8753,3045,1483,1562,268,111,157,31.4,31.200001,31.6
16,51,Idaho,Jefferson County,2016,27830,14125,13705,2489,1290,1199,19270,9776,9494,18225,9242,8983,3136,1512,1624,297,120,177,31.5,31.299999,31.799999
16,51,Idaho,Jefferson County,2017,28439,14442,13997,2430,1280,1150,19823,10060,9763,18735,9523,9212,3258,1577,1681,301,120,181,31.799999,31.6,31.9
16,51,Idaho,Jefferson County,2018,29405,14951,14454,2532,1318,1214,20489,10437,10052,19399,9882,9517,3355,1636,1719,317,125,192,31.5,31.4,31.5
16,51,Idaho,Jefferson County,2019,29871,15276,14595,2488,1306,1182,20900,10663,10237,19816,10096,9720,3455,1690,1765,327,131,196,31.9,31.700001,32.099998
16,53,Idaho,Jerome County,2010c,22374,11429,10945,2131,1076,1055,16180,8254,7926,15426,7851,7575,2507,1176,1331,279,112,167,31.700001,31.1,32.099998
16,53,Idaho,Jerome County,2010b,22355,11420,10935,2128,1074,1054,16165,8247,7918,15412,7844,7568,2507,1176,1331,279,112,167,31.700001,31.1,32.099998
16,53,Idaho,Jerome County,2010,22442,11448,10994,2140,1080,1060,16224,8265,7959,15475,7870,7605,2525,1184,1341,281,111,170,31.700001,31.299999,32.200001
16,53,Idaho,Jerome County,2011,22520,11481,11039,2149,1096,1053,16251,8273,7978,15511,7905,7606,2547,1197,1350,276,114,162,31.9,31.4,32.400002
16,53,Idaho,Jerome County,2012,22578,11440,11138,2125,1052,1073,16288,8247,8041,15590,7908,7682,2641,1235,1406,284,110,174,32,31.6,32.400002
16,53,Idaho,Jerome County,2013,22768,11560,11208,2094,1056,1038,16398,8332,8066,15723,7979,7744,2704,1268,1436,279,107,172,32,31.6,32.599998
16,53,Idaho,Jerome County,2014,22926,11601,11325,2060,1014,1046,16485,8371,8114,15841,8042,7799,2780,1304,1476,278,105,173,32.099998,31.9,32.400002
16,53,Idaho,Jerome County,2015,22971,11686,11285,1993,1039,954,16493,8422,8071,15822,8078,7744,2837,1337,1500,277,102,175,32.5,32.299999,32.799999
16,53,Idaho,Jerome County,2016,23433,11959,11474,2035,1026,1009,16882,8670,8212,16156,8301,7855,2893,1378,1515,276,107,169,32.599998,32.5,32.700001
16,53,Idaho,Jerome County,2017,23768,12125,11643,2055,1034,1021,17157,8811,8346,16440,8458,7982,2977,1407,1570,296,106,190,32.799999,32.799999,32.799999
16,53,Idaho,Jerome County,2018,24066,12324,11742,1985,1014,971,17421,8972,8449,16709,8635,8074,3084,1458,1626,303,117,186,33.200001,33.200001,33.299999
16,53,Idaho,Jerome County,2019,24412,12518,11894,1991,1039,952,17746,9125,8621,16966,8736,8230,3232,1529,1703,308,117,191,33.5,33.400002,33.599998
16,55,Idaho,Kootenai County,2010c,138494,68257,70237,8963,4605,4358,108277,52782,55495,104250,50688,53562,20078,9291,10787,2423,808,1615,38.900002,37.700001,40
16,55,Idaho,Kootenai County,2010b,138466,68247,70219,8959,4604,4355,108258,52774,55484,104231,50680,53551,20070,9288,10782,2423,808,1615,38.900002,37.700001,40
16,55,Idaho,Kootenai County,2010,138848,68429,70419,8966,4609,4357,108677,52965,55712,104642,50861,53781,20237,9379,10858,2440,808,1632,38.900002,37.700001,40.099998
16,55,Idaho,Kootenai County,2011,140932,69493,71439,9072,4676,4396,110619,53943,56676,106509,51783,54726,20900,9702,11198,2478,826,1652,39,37.700001,40.299999
16,55,Idaho,Kootenai County,2012,142084,70075,72009,8890,4596,4294,111803,54525,57278,107795,52408,55387,22149,10332,11817,2526,869,1657,39.299999,38,40.599998
16,55,Idaho,Kootenai County,2013,143897,70998,72899,8795,4468,4327,113618,55495,58123,109638,53422,56216,23409,10943,12466,2646,934,1712,39.700001,38.400002,40.900002
16,55,Idaho,Kootenai County,2014,146529,72309,74220,8912,4512,4400,115948,56644,59304,111886,54542,57344,24654,11502,13152,2714,978,1736,39.799999,38.5,41.099998
16,55,Idaho,Kootenai County,2015,149367,73708,75659,9044,4613,4431,118529,57896,60633,114409,55786,58623,25963,12114,13849,2777,1020,1757,40,38.599998,41.200001
16,55,Idaho,Kootenai County,2016,153019,75453,77566,9217,4686,4531,121716,59410,62306,117471,57248,60223,27463,12788,14675,2819,1045,1774,40.099998,38.799999,41.299999
16,55,Idaho,Kootenai County,2017,157320,77650,79670,9596,4843,4753,125379,61274,64105,121079,59098,61981,28954,13509,15445,2943,1125,1818,40.200001,39,41.400002
16,55,Idaho,Kootenai County,2018,161209,79658,81551,9652,4980,4672,128670,62882,65788,124471,60707,63764,30536,14234,16302,3078,1183,1895,40.5,39.200001,41.700001
16,55,Idaho,Kootenai County,2019,165697,81998,83699,9796,5066,4730,132501,64870,67631,128218,62652,65566,32193,14972,17221,3157,1228,1929,40.700001,39.400002,41.900002
16,57,Idaho,Latah County,2010c,37244,19163,18081,2128,1058,1070,31043,15999,15044,30275,15598,14677,3858,1806,2052,524,179,345,28.299999,27.4,29.299999
16,57,Idaho,Latah County,2010b,37243,19163,18080,2128,1058,1070,31043,15999,15044,30275,15598,14677,3858,1806,2052,524,179,345,28.299999,27.4,29.299999
16,57,Idaho,Latah County,2010,37255,19186,18069,2118,1058,1060,31050,16021,15029,30271,15611,14660,3855,1809,2046,517,178,339,28.200001,27.4,29.299999
16,57,Idaho,Latah County,2011,37855,19466,18389,2198,1119,1079,31510,16243,15267,30726,15829,14897,3937,1867,2070,526,191,335,28.200001,27.299999,29.200001
16,57,Idaho,Latah County,2012,38094,19628,18466,2228,1145,1083,31793,16423,15370,31009,16011,14998,4135,1966,2169,532,191,341,28.200001,27.200001,29.4
16,57,Idaho,Latah County,2013,38220,19659,18561,2159,1105,1054,31914,16442,15472,31136,16045,15091,4276,2018,2258,528,179,349,28.4,27.299999,29.6
16,57,Idaho,Latah County,2014,38517,19801,18716,2127,1067,1060,32164,16558,15606,31392,16183,15209,4464,2119,2345,526,176,350,28.5,27.299999,29.9
16,57,Idaho,Latah County,2015,38796,19868,18928,2137,1049,1088,32403,16617,15786,31529,16203,15326,4662,2246,2416,564,192,372,28.6,27.5,29.9
16,57,Idaho,Latah County,2016,39050,20011,19039,2151,1048,1103,32555,16726,15829,31707,16316,15391,4927,2384,2543,574,202,372,29,27.9,30.299999
16,57,Idaho,Latah County,2017,39741,20300,19441,2186,1052,1134,33149,16985,16164,32337,16576,15761,5149,2484,2665,606,220,386,29,28,30.1
16,57,Idaho,Latah County,2018,39829,20268,19561,2152,1049,1103,33223,16944,16279,32381,16518,15863,5414,2596,2818,613,222,391,29.700001,28.700001,30.9
16,57,Idaho,Latah County,2019,40108,20365,19743,2123,1057,1066,33533,17065,16468,32723,16663,16060,5650,2692,2958,637,227,410,30.1,29.299999,31.200001
16,59,Idaho,Lemhi County,2010c,7936,4049,3887,425,215,210,6567,3320,3247,6360,3211,3149,1758,901,857,210,76,134,49.700001,49.400002,50
16,59,Idaho,Lemhi County,2010b,7936,4049,3887,425,215,210,6567,3320,3247,6360,3211,3149,1758,901,857,210,76,134,49.700001,49.400002,50
16,59,Idaho,Lemhi County,2010,7953,4058,3895,431,220,211,6573,3324,3249,6366,3214,3152,1759,902,857,209,75,134,49.700001,49.400002,50
16,59,Idaho,Lemhi County,2011,7986,4081,3905,407,212,195,6628,3367,3261,6417,3255,3162,1807,933,874,217,78,139,50.099998,49.799999,50.400002
16,59,Idaho,Lemhi County,2012,7768,3963,3805,381,203,178,6488,3287,3201,6312,3193,3119,1894,981,913,220,79,141,51.200001,51.099998,51.299999
16,59,Idaho,Lemhi County,2013,7716,3923,3793,346,186,160,6492,3292,3200,6315,3198,3117,2021,1048,973,236,89,147,52,52,52.099998
16,59,Idaho,Lemhi County,2014,7724,3950,3774,361,202,159,6478,3295,3183,6298,3195,3103,2108,1105,1003,244,99,145,52.299999,52.099998,52.5
16,59,Idaho,Lemhi County,2015,7737,3921,3816,353,185,168,6491,3280,3211,6325,3184,3141,2194,1144,1050,253,102,151,52.700001,52.700001,52.700001
16,59,Idaho,Lemhi County,2016,7709,3916,3793,351,174,177,6452,3261,3191,6284,3173,3111,2253,1180,1073,254,109,145,53,52.900002,53.099998
16,59,Idaho,Lemhi County,2017,7829,3961,3868,357,180,177,6557,3296,3261,6366,3218,3148,2305,1200,1105,265,113,152,52.900002,52.799999,52.900002
16,59,Idaho,Lemhi County,2018,7932,4019,3913,388,204,184,6632,3324,3308,6445,3235,3210,2384,1226,1158,277,123,154,53,52.599998,53.299999
16,59,Idaho,Lemhi County,2019,8027,4056,3971,396,206,190,6712,3368,3344,6530,3264,3266,2459,1258,1201,298,137,161,52.599998,52.200001,52.799999
16,61,Idaho,Lewis County,2010c,3821,1916,1905,238,114,124,3065,1538,1527,2973,1496,1477,834,394,440,93,33,60,48,47.599998,48.299999
16,61,Idaho,Lewis County,2010b,3821,1916,1905,238,114,124,3065,1538,1527,2973,1496,1477,834,394,440,93,33,60,48,47.599998,48.299999
16,61,Idaho,Lewis County,2010,3820,1917,1903,235,117,118,3072,1545,1527,2979,1499,1480,842,401,441,96,35,61,48.099998,47.799999,48.5
16,61,Idaho,Lewis County,2011,3806,1905,1901,218,114,104,3072,1544,1528,2977,1489,1488,864,418,446,102,37,65,48.299999,48.299999,48.400002
16,61,Idaho,Lewis County,2012,3820,1919,1901,218,112,106,3055,1537,1518,2970,1486,1484,873,420,453,103,38,65,47.700001,47.599998,47.700001
16,61,Idaho,Lewis County,2013,3805,1907,1898,221,104,117,3028,1523,1505,2945,1482,1463,898,425,473,107,41,66,47.900002,47.299999,48.400002
16,61,Idaho,Lewis County,2014,3813,1897,1916,219,101,118,3022,1513,1509,2928,1462,1466,908,427,481,105,41,64,47.799999,47.5,48.099998
16,61,Idaho,Lewis County,2015,3791,1887,1904,214,105,109,3012,1501,1511,2920,1453,1467,939,456,483,101,42,59,47.799999,47.799999,47.900002
16,61,Idaho,Lewis County,2016,3846,1927,1919,228,117,111,3040,1519,1521,2937,1464,1473,953,475,478,106,45,61,47.299999,47.599998,47
16,61,Idaho,Lewis County,2017,3884,1951,1933,235,123,112,3074,1531,1543,2970,1473,1497,976,488,488,117,51,66,47.599998,47.599998,47.599998
16,61,Idaho,Lewis County,2018,3832,1948,1884,197,110,87,3076,1544,1532,2975,1492,1483,1007,514,493,118,55,63,48.599998,48.200001,48.799999
16,61,Idaho,Lewis County,2019,3838,1954,1884,176,98,78,3117,1574,1543,3007,1517,1490,1031,545,486,111,52,59,49.200001,49.599998,49
16,63,Idaho,Lincoln County,2010c,5208,2691,2517,450,228,222,3716,1932,1784,3509,1834,1675,573,275,298,70,25,45,32,32.400002,31.4
16,63,Idaho,Lincoln County,2010b,5206,2690,2516,450,228,222,3714,1931,1783,3507,1833,1674,571,274,297,70,25,45,32,32.299999,31.299999
16,63,Idaho,Lincoln County,2010,5206,2686,2520,446,227,219,3715,1928,1787,3514,1834,1680,565,269,296,72,27,45,31.9,32.400002,31.299999
16,63,Idaho,Lincoln County,2011,5132,2683,2449,446,244,202,3664,1912,1752,3485,1828,1657,564,274,290,77,37,40,32.299999,32.400002,32.099998
16,63,Idaho,Lincoln County,2012,5262,2744,2518,457,253,204,3752,1952,1800,3580,1866,1714,600,302,298,75,35,40,32.5,32.5,32.5
16,63,Idaho,Lincoln County,2013,5329,2780,2549,429,236,193,3821,1985,1836,3652,1892,1760,638,322,316,70,33,37,33.099998,33,33.200001
16,63,Idaho,Lincoln County,2014,5331,2791,2540,392,217,175,3832,1990,1842,3658,1896,1762,640,327,313,70,34,36,33.5,33.200001,33.700001
16,63,Idaho,Lincoln County,2015,5307,2746,2561,393,222,171,3847,1977,1870,3666,1890,1776,648,327,321,67,30,37,34.200001,34.299999,34.099998
16,63,Idaho,Lincoln County,2016,5303,2762,2541,351,190,161,3894,2017,1877,3681,1910,1771,689,357,332,67,30,37,34.599998,34.700001,34.5
16,63,Idaho,Lincoln County,2017,5376,2774,2602,378,200,178,3963,2032,1931,3772,1944,1828,720,373,347,74,34,40,34.900002,35.200001,34.400002
16,63,Idaho,Lincoln County,2018,5398,2800,2598,365,197,168,4040,2081,1959,3851,1996,1855,742,386,356,86,44,42,35.5,35.900002,35
16,63,Idaho,Lincoln County,2019,5366,2779,2587,341,193,148,4093,2107,1986,3898,2010,1888,759,388,371,88,46,42,36.599998,37.099998,35.900002
16,65,Idaho,Madison County,2010c,37536,18186,19350,3594,1904,1690,28707,13602,15105,27788,13148,14640,2092,948,1144,281,105,176,22.6,23.6,21.6
16,65,Idaho,Madison County,2010b,37548,18192,19356,3594,1904,1690,28719,13608,15111,27800,13154,14646,2098,951,1147,281,105,176,22.6,23.6,21.6
16,65,Idaho,Madison County,2010,37592,18246,19346,3608,1903,1705,28706,13645,15061,27804,13196,14608,2104,958,1146,284,107,177,22.6,23.6,21.6
16,65,Idaho,Madison County,2011,37908,18588,19320,3653,1931,1722,28872,13912,14960,28001,13466,14535,2152,980,1172,289,111,178,22.799999,23.700001,22.1
16,65,Idaho,Madison County,2012,37662,18606,19056,3688,1944,1744,28604,13928,14676,27674,13435,14239,2208,1002,1206,270,102,168,23,23.6,22.299999
16,65,Idaho,Madison County,2013,37527,18676,18851,3663,1866,1797,28381,13990,14391,27413,13504,13909,2270,1030,1240,270,101,169,23,23.6,22.299999
16,65,Idaho,Madison County,2014,37900,18962,18938,3784,1907,1877,28558,14173,14385,27586,13696,13890,2308,1050,1258,267,99,168,23.1,23.6,22.299999
16,65,Idaho,Madison County,2015,37989,19109,18880,3883,1978,1905,28575,14307,14268,27563,13800,13763,2408,1091,1317,277,103,174,23.200001,23.700001,22.4
16,65,Idaho,Madison County,2016,38972,19585,19387,3859,1920,1939,29488,14797,14691,28396,14244,14152,2502,1143,1359,289,110,179,23.200001,23.799999,22.4
16,65,Idaho,Madison County,2017,39370,19939,19431,3885,2015,1870,29807,15035,14772,28731,14507,14224,2607,1211,1396,295,117,178,23.200001,23.799999,22.4
16,65,Idaho,Madison County,2018,39261,19912,19349,3804,1999,1805,29821,15068,14753,28699,14494,14205,2706,1260,1446,289,116,173,23.299999,23.700001,22.5
16,65,Idaho,Madison County,2019,39907,20227,19680,3875,2035,1840,30373,15344,15029,29212,14742,14470,2829,1328,1501,297,128,169,23.299999,23.700001,22.6
16,67,Idaho,Minidoka County,2010c,20069,10154,9915,1686,877,809,14910,7479,7431,14176,7103,7073,2969,1371,1598,430,179,251,35.299999,33.900002,37.099998
16,67,Idaho,Minidoka County,2010b,20055,10149,9906,1684,876,808,14903,7476,7427,14169,7100,7069,2966,1370,1596,429,178,251,35.299999,33.900002,37.099998
16,67,Idaho,Minidoka County,2010,20083,10159,9924,1708,881,827,14927,7485,7442,14211,7114,7097,2984,1379,1605,438,182,256,35.400002,33.900002,37.099998
16,67,Idaho,Minidoka County,2011,20207,10214,9993,1686,847,839,15034,7546,7488,14364,7196,7168,3001,1399,1602,449,194,255,35.400002,34.299999,36.700001
16,67,Idaho,Minidoka County,2012,20152,10150,10002,1686,828,858,15000,7501,7499,14355,7185,7170,3046,1429,1617,455,196,259,35.5,34.5,36.599998
16,67,Idaho,Minidoka County,2013,20400,10310,10090,1690,832,858,15209,7651,7558,14579,7334,7245,3117,1464,1653,470,200,270,35.299999,34.5,36.200001
16,67,Idaho,Minidoka County,2014,20339,10290,10049,1652,829,823,15110,7601,7509,14476,7269,7207,3157,1486,1671,458,190,268,35.599998,34.799999,36.5
16,67,Idaho,Minidoka County,2015,20430,10291,10139,1581,781,800,15194,7628,7566,14566,7291,7275,3230,1521,1709,471,197,274,35.599998,34.799999,36.400002
16,67,Idaho,Minidoka County,2016,20613,10365,10248,1606,800,806,15379,7732,7647,14737,7386,7351,3284,1547,1737,473,190,283,35.299999,34.700001,35.900002
16,67,Idaho,Minidoka County,2017,20722,10356,10366,1625,797,828,15454,7706,7748,14811,7374,7437,3338,1572,1766,471,186,285,35.299999,34.700001,35.799999
16,67,Idaho,Minidoka County,2018,20719,10363,10356,1636,812,824,15411,7693,7718,14839,7405,7434,3371,1582,1789,460,183,277,35,34.599998,35.5
16,67,Idaho,Minidoka County,2019,21039,10512,10527,1614,790,824,15584,7777,7807,15022,7476,7546,3417,1601,1816,451,185,266,34.900002,34.599998,35.200001
16,69,Idaho,Nez Perce County,2010c,39265,19468,19797,2218,1172,1046,31803,15589,16214,30750,15020,15730,7063,3163,3900,1217,450,767,40.799999,39.400002,42.299999
16,69,Idaho,Nez Perce County,2010b,39270,19470,19800,2218,1172,1046,31807,15591,16216,30754,15022,15732,7065,3164,3901,1217,450,767,40.799999,39.400002,42.299999
16,69,Idaho,Nez Perce County,2010,39315,19481,19834,2209,1168,1041,31852,15612,16240,30809,15045,15764,7069,3165,3904,1228,456,772,40.900002,39.400002,42.299999
16,69,Idaho,Nez Perce County,2011,39438,19525,19913,2242,1188,1054,31883,15616,16267,30892,15077,15815,7094,3166,3928,1269,477,792,41,39.299999,42.400002
16,69,Idaho,Nez Perce County,2012,39504,19572,19932,2293,1231,1062,31982,15617,16365,31018,15111,15907,7224,3247,3977,1250,461,789,41.099998,39.400002,42.700001
16,69,Idaho,Nez Perce County,2013,39798,19716,20082,2379,1245,1134,32156,15720,16436,31159,15190,15969,7382,3323,4059,1238,460,778,40.900002,39.299999,42.599998
16,69,Idaho,Nez Perce County,2014,39841,19734,20107,2427,1228,1199,32188,15725,16463,31183,15192,15991,7481,3398,4083,1212,452,760,40.900002,39.5,42.5
16,69,Idaho,Nez Perce County,2015,39995,19796,20199,2453,1249,1204,32402,15855,16547,31387,15327,16060,7661,3487,4174,1244,459,785,40.900002,39.599998,42.400002
16,69,Idaho,Nez Perce County,2016,40136,19863,20273,2496,1271,1225,32503,15933,16570,31463,15398,16065,7731,3521,4210,1227,453,774,40.799999,39.400002,42.099998
16,69,Idaho,Nez Perce County,2017,40289,19934,20355,2436,1228,1208,32601,15994,16607,31623,15496,16127,7827,3571,4256,1163,440,723,40.5,39.099998,41.799999
16,69,Idaho,Nez Perce County,2018,40256,19867,20389,2385,1193,1192,32647,15972,16675,31700,15488,16212,7996,3652,4344,1145,443,702,40.799999,39.400002,42.099998
16,69,Idaho,Nez Perce County,2019,40408,19933,20475,2336,1162,1174,32726,16011,16715,31776,15541,16235,8168,3768,4400,1149,456,693,40.900002,39.599998,42.200001
16,71,Idaho,Oneida County,2010c,4286,2191,2095,327,171,156,3152,1593,1559,3003,1501,1502,714,340,374,116,42,74,39.099998,38.200001,40.099998
16,71,Idaho,Oneida County,2010b,4286,2191,2095,327,171,156,3152,1593,1559,3003,1501,1502,714,340,374,116,42,74,39.099998,38.200001,40.099998
16,71,Idaho,Oneida County,2010,4290,2187,2103,328,169,159,3153,1590,1563,3005,1500,1505,709,337,372,115,41,74,39,38.099998,39.900002
16,71,Idaho,Oneida County,2011,4233,2140,2093,313,151,162,3140,1583,1557,3007,1507,1500,710,340,370,120,45,75,39.599998,39.099998,40.200001
16,71,Idaho,Oneida County,2012,4225,2142,2083,311,145,166,3173,1597,1576,3027,1516,1511,732,354,378,124,47,77,39.799999,39.299999,40.299999
16,71,Idaho,Oneida County,2013,4257,2142,2115,300,148,152,3187,1594,1593,3044,1518,1526,766,366,400,118,51,67,40.099998,39.599998,40.599998
16,71,Idaho,Oneida County,2014,4178,2095,2083,282,136,146,3127,1563,1564,3005,1492,1513,788,380,408,116,48,68,40.299999,40.099998,40.599998
16,71,Idaho,Oneida County,2015,4248,2130,2118,280,136,144,3174,1585,1589,3032,1509,1523,804,390,414,119,52,67,39.299999,39.299999,39.400002
16,71,Idaho,Oneida County,2016,4296,2137,2159,266,123,143,3208,1588,1620,3061,1517,1544,827,393,434,124,50,74,39.200001,38.900002,39.400002
16,71,Idaho,Oneida County,2017,4389,2202,2187,278,120,158,3280,1638,1642,3127,1552,1575,855,402,453,121,49,72,39.700001,39,40.299999
16,71,Idaho,Oneida County,2018,4462,2239,2223,275,130,145,3344,1668,1676,3188,1584,1604,897,427,470,129,50,79,39.799999,39.099998,40.5
16,71,Idaho,Oneida County,2019,4531,2272,2259,293,141,152,3398,1700,1698,3247,1619,1628,926,444,482,131,46,85,39.900002,39.299999,40.5
16,73,Idaho,Owyhee County,2010c,11526,5895,5631,886,449,437,8536,4395,4141,8157,4208,3949,1612,778,834,165,56,109,36,35.700001,36.400002
16,73,Idaho,Owyhee County,2010b,11526,5895,5631,886,449,437,8536,4395,4141,8157,4208,3949,1612,778,834,165,56,109,36,35.700001,36.400002
16,73,Idaho,Owyhee County,2010,11473,5861,5612,874,448,426,8509,4378,4131,8127,4189,3938,1612,779,833,166,55,111,36.099998,35.799999,36.400002
16,73,Idaho,Owyhee County,2011,11376,5810,5566,818,421,397,8537,4394,4143,8153,4194,3959,1633,791,842,170,54,116,36.599998,36.200001,37
16,73,Idaho,Owyhee County,2012,11409,5856,5553,775,383,392,8631,4439,4192,8213,4228,3985,1713,839,874,160,55,105,37.099998,36.799999,37.400002
16,73,Idaho,Owyhee County,2013,11394,5830,5564,776,394,382,8622,4407,4215,8251,4226,4025,1747,861,886,169,57,112,37.299999,36.900002,37.700001
16,73,Idaho,Owyhee County,2014,11288,5801,5487,735,377,358,8610,4423,4187,8260,4233,4027,1826,915,911,177,67,110,38.200001,37.599998,38.700001
16,73,Idaho,Owyhee County,2015,11288,5787,5501,727,394,333,8637,4431,4206,8293,4245,4048,1864,946,918,183,75,108,38.599998,38.200001,39.099998
16,73,Idaho,Owyhee County,2016,11364,5781,5583,728,379,349,8717,4465,4252,8354,4267,4087,1947,989,958,194,79,115,38.900002,38.700001,39.099998
16,73,Idaho,Owyhee County,2017,11618,5908,5710,764,389,375,8923,4551,4372,8544,4363,4181,2024,1037,987,198,91,107,38.799999,38.599998,39.099998
16,73,Idaho,Owyhee County,2018,11669,5963,5706,753,368,385,9004,4614,4390,8634,4427,4207,2087,1072,1015,208,104,104,39.099998,38.799999,39.5
16,73,Idaho,Owyhee County,2019,11823,6046,5777,753,379,374,9205,4712,4493,8816,4502,4314,2134,1081,1053,215,112,103,39.299999,39,39.700001
16,75,Idaho,Payette County,2010c,22623,11191,11432,1738,882,856,16943,8277,8666,16139,7856,8283,3462,1632,1830,397,168,229,37.200001,36,38.200001
16,75,Idaho,Payette County,2010b,22622,11191,11431,1738,882,856,16942,8277,8665,16138,7856,8282,3462,1632,1830,397,168,229,37.099998,36,38.200001
16,75,Idaho,Payette County,2010,22637,11206,11431,1745,881,864,16975,8296,8679,16178,7880,8298,3494,1647,1847,402,167,235,37.299999,36,38.400002
16,75,Idaho,Payette County,2011,22547,11158,11389,1731,854,877,17000,8311,8689,16230,7914,8316,3564,1685,1879,389,157,232,37.599998,36.400002,38.799999
16,75,Idaho,Payette County,2012,22675,11260,11415,1649,819,830,17187,8429,8758,16472,8063,8409,3704,1768,1936,398,168,230,37.900002,36.599998,39.200001
16,75,Idaho,Payette County,2013,22550,11197,11353,1574,795,779,17134,8418,8716,16461,8070,8391,3759,1782,1977,401,167,234,38.099998,37,39.400002
16,75,Idaho,Payette County,2014,22754,11296,11458,1602,820,782,17284,8481,8803,16617,8126,8491,3878,1843,2035,415,175,240,38.400002,37.200001,39.5
16,75,Idaho,Payette County,2015,22790,11343,11447,1598,825,773,17332,8526,8806,16631,8164,8467,3946,1892,2054,409,184,225,38.5,37.5,39.400002
16,75,Idaho,Payette County,2016,22888,11454,11434,1559,815,744,17429,8594,8835,16703,8211,8492,4016,1922,2094,387,164,223,38.599998,37.299999,39.799999
16,75,Idaho,Payette County,2017,23163,11524,11639,1529,785,744,17742,8732,9010,17028,8357,8671,4185,2018,2167,422,191,231,38.799999,37.799999,39.799999
16,75,Idaho,Payette County,2018,23507,11736,11771,1527,788,739,18101,8954,9147,17358,8561,8797,4303,2068,2235,423,197,226,39.099998,38.099998,40.099998
16,75,Idaho,Payette County,2019,23951,11981,11970,1577,816,761,18458,9143,9315,17756,8771,8985,4461,2146,2315,447,212,235,39.200001,38.099998,40.299999
16,77,Idaho,Power County,2010c,7817,4025,3792,718,368,350,5659,2916,2743,5403,2776,2627,947,460,487,101,31,70,33.200001,32.700001,33.799999
16,77,Idaho,Power County,2010b,7819,4026,3793,718,368,350,5661,2917,2744,5405,2777,2628,949,461,488,101,31,70,33.299999,32.799999,33.799999
16,77,Idaho,Power County,2010,7872,4053,3819,725,367,358,5692,2930,2762,5439,2797,2642,964,469,495,104,31,73,33.200001,32.700001,33.700001
16,77,Idaho,Power County,2011,7780,4014,3766,732,363,369,5630,2903,2727,5389,2785,2604,984,474,510,107,33,74,33.700001,33.200001,34.200001
16,77,Idaho,Power County,2012,7830,4002,3828,752,375,377,5643,2894,2749,5404,2782,2622,1014,491,523,109,38,71,33.299999,33.200001,33.400002
16,77,Idaho,Power County,2013,7791,3975,3816,722,360,362,5634,2876,2758,5384,2738,2646,1038,501,537,106,38,68,33.700001,33.400002,34
16,77,Idaho,Power County,2014,7729,3958,3771,698,349,349,5592,2867,2725,5335,2726,2609,1073,521,552,108,37,71,33.900002,33.599998,34.200001
16,77,Idaho,Power County,2015,7687,3911,3776,688,347,341,5550,2829,2721,5300,2697,2603,1081,528,553,98,31,67,33.700001,33.599998,33.799999
16,77,Idaho,Power County,2016,7681,3895,3786,657,327,330,5522,2805,2717,5287,2681,2606,1117,553,564,105,36,69,33.5,33.299999,33.799999
16,77,Idaho,Power County,2017,7606,3858,3748,642,324,318,5484,2797,2687,5245,2668,2577,1163,570,593,119,50,69,33.799999,33.799999,33.900002
16,77,Idaho,Power County,2018,7700,3903,3797,646,311,335,5563,2830,2733,5308,2700,2608,1192,585,607,131,57,74,33.5,33.299999,33.700001
16,77,Idaho,Power County,2019,7681,3865,3816,612,290,322,5581,2830,2751,5333,2711,2622,1203,585,618,123,50,73,33.799999,33.700001,33.900002
16,79,Idaho,Shoshone County,2010c,12765,6424,6341,620,313,307,10448,5229,5219,10105,5048,5057,2537,1198,1339,298,113,185,46.200001,45.5,46.799999
16,79,Idaho,Shoshone County,2010b,12800,6438,6362,624,314,310,10471,5239,5232,10128,5058,5070,2545,1201,1344,298,113,185,46.200001,45.5,46.799999
16,79,Idaho,Shoshone County,2010,12749,6404,6345,624,318,306,10431,5214,5217,10093,5036,5057,2543,1203,1340,300,115,185,46.200001,45.5,46.799999
16,79,Idaho,Shoshone County,2011,12662,6338,6324,621,309,312,10386,5183,5203,10032,5004,5028,2539,1217,1322,307,122,185,46.299999,45.799999,46.799999
16,79,Idaho,Shoshone County,2012,12703,6356,6347,630,303,327,10451,5217,5234,10095,5053,5042,2593,1231,1362,303,109,194,46.200001,45.599998,46.900002
16,79,Idaho,Shoshone County,2013,12673,6328,6345,639,315,324,10438,5204,5234,10128,5054,5074,2628,1239,1389,310,112,198,46.599998,46,47.299999
16,79,Idaho,Shoshone County,2014,12375,6187,6188,648,313,335,10219,5108,5111,9900,4933,4967,2669,1270,1399,297,115,182,47,46.299999,47.900002
16,79,Idaho,Shoshone County,2015,12440,6261,6179,690,356,334,10253,5132,5121,9953,4974,4979,2762,1327,1435,301,113,188,47,46.099998,48
16,79,Idaho,Shoshone County,2016,12416,6253,6163,718,392,326,10211,5103,5108,9942,4975,4967,2785,1348,1437,281,105,176,47.099998,46.099998,48.099998
16,79,Idaho,Shoshone County,2017,12519,6320,6199,751,417,334,10277,5150,5127,9980,5001,4979,2826,1367,1459,292,101,191,46.799999,45.599998,47.900002
16,79,Idaho,Shoshone County,2018,12790,6438,6352,782,430,352,10460,5238,5222,10149,5084,5065,2912,1421,1491,302,106,196,46.099998,45.099998,47.099998
16,79,Idaho,Shoshone County,2019,12882,6474,6408,804,425,379,10533,5272,5261,10245,5142,5103,2981,1450,1531,300,102,198,46.299999,45.299999,47.400002
16,81,Idaho,Teton County,2010c,10170,5321,4849,983,469,514,7424,3928,3496,7147,3775,3372,664,342,322,63,23,40,33.200001,33.700001,32.700001
16,81,Idaho,Teton County,2010b,10165,5319,4846,983,469,514,7419,3926,3493,7142,3773,3369,660,340,320,63,23,40,33.200001,33.700001,32.700001
16,81,Idaho,Teton County,2010,10151,5291,4860,983,469,514,7401,3897,3504,7131,3748,3383,664,343,321,65,23,42,33.299999,33.799999,32.799999
16,81,Idaho,Teton County,2011,10161,5298,4863,947,456,491,7455,3920,3535,7210,3789,3421,726,376,350,72,24,48,34.099998,34.5,33.700001
16,81,Idaho,Teton County,2012,10125,5265,4860,871,423,448,7463,3905,3558,7198,3776,3422,794,411,383,76,28,48,35,35.299999,34.700001
16,81,Idaho,Teton County,2013,10399,5418,4981,862,424,438,7721,4048,3673,7438,3899,3539,871,448,423,80,28,52,35.599998,35.799999,35.400002
16,81,Idaho,Teton County,2014,10436,5465,4971,813,418,395,7845,4137,3708,7568,3975,3593,979,496,483,86,26,60,36.400002,36.400002,36.5
16,81,Idaho,Teton County,2015,10725,5597,5128,774,394,380,8135,4280,3855,7830,4114,3716,1040,537,503,96,30,66,36.799999,36.799999,36.799999
16,81,Idaho,Teton County,2016,11165,5859,5306,802,399,403,8549,4513,4036,8232,4350,3882,1154,603,551,99,35,64,37.099998,37.099998,37.099998
16,81,Idaho,Teton County,2017,11445,5993,5452,756,378,378,8848,4649,4199,8556,4505,4051,1273,668,605,110,44,66,37.799999,37.900002,37.700001
16,81,Idaho,Teton County,2018,11651,6116,5535,718,361,357,9085,4794,4291,8800,4643,4157,1451,773,678,116,54,62,38.599998,38.700001,38.5
16,81,Idaho,Teton County,2019,12142,6372,5770,702,345,357,9552,5045,4507,9252,4879,4373,1596,862,734,119,60,59,39.099998,39.299999,38.900002
16,83,Idaho,Twin Falls County,2010c,77230,38115,39115,6367,3201,3166,58343,28552,29791,56086,27423,28663,10706,4779,5927,1588,535,1053,34.400002,33.599998,35.299999
16,83,Idaho,Twin Falls County,2010b,77241,38120,39121,6370,3203,3167,58350,28555,29795,56093,27426,28667,10706,4779,5927,1588,535,1053,34.400002,33.599998,35.200001
16,83,Idaho,Twin Falls County,2010,77545,38269,39276,6404,3224,3180,58515,28626,29889,56260,27492,28768,10740,4791,5949,1593,540,1053,34.400002,33.599998,35.200001
16,83,Idaho,Twin Falls County,2011,78100,38553,39547,6407,3233,3174,58944,28804,30140,56698,27665,29033,10890,4872,6018,1545,545,1000,34.5,33.700001,35.400002
16,83,Idaho,Twin Falls County,2012,78550,38758,39792,6247,3180,3067,59305,28961,30344,57029,27806,29223,11281,5086,6195,1545,547,998,34.700001,33.799999,35.599998
16,83,Idaho,Twin Falls County,2013,79894,39402,40492,6292,3151,3141,60068,29386,30682,57780,28215,29565,11534,5213,6321,1571,557,1014,34.5,33.799999,35.299999
16,83,Idaho,Twin Falls County,2014,80986,39960,41026,6271,3150,3121,60855,29791,31064,58564,28597,29967,11805,5337,6468,1565,574,991,34.5,33.900002,35.200001
16,83,Idaho,Twin Falls County,2015,82245,40560,41685,6342,3244,3098,61649,30078,31571,59325,28897,30428,12062,5441,6621,1563,560,1003,34.5,33.900002,35.200001
16,83,Idaho,Twin Falls County,2016,83819,41255,42564,6425,3251,3174,62894,30667,32227,60480,29450,31030,12425,5601,6824,1550,557,993,34.5,33.900002,35.099998
16,83,Idaho,Twin Falls County,2017,85374,42040,43334,6468,3217,3251,64022,31285,32737,61551,30019,31532,12827,5806,7021,1557,582,975,34.5,34,35
16,83,Idaho,Twin Falls County,2018,86029,42449,43580,6312,3196,3116,64799,31716,33083,62330,30462,31868,13214,6007,7207,1576,586,990,34.900002,34.400002,35.400002
16,83,Idaho,Twin Falls County,2019,86878,42819,44059,6194,3116,3078,65577,32099,33478,63074,30832,32242,13589,6189,7400,1591,594,997,35.200001,34.799999,35.700001
16,85,Idaho,Valley County,2010c,9862,5107,4755,512,267,245,8135,4229,3906,7913,4099,3814,1659,851,808,111,35,76,46.900002,46.599998,47.299999
16,85,Idaho,Valley County,2010b,9854,5101,4753,508,263,245,8131,4227,3904,7909,4097,3812,1659,851,808,111,35,76,46.900002,46.599998,47.299999
16,85,Idaho,Valley County,2010,9788,5071,4717,497,260,237,8099,4209,3890,7876,4085,3791,1685,864,821,112,35,77,47.299999,46.900002,47.700001
16,85,Idaho,Valley County,2011,9636,4976,4660,477,255,222,8023,4146,3877,7812,4039,3773,1748,903,845,125,40,85,48,47.799999,48.299999
16,85,Idaho,Valley County,2012,9536,4924,4612,459,237,222,7975,4122,3853,7782,4021,3761,1862,978,884,135,43,92,48.799999,48.799999,48.900002
16,85,Idaho,Valley County,2013,9575,4971,4604,449,226,223,8033,4180,3853,7825,4069,3756,1993,1072,921,135,55,80,49.299999,49.299999,49.299999
16,85,Idaho,Valley County,2014,9793,5116,4677,445,231,214,8206,4281,3925,7998,4175,3823,2137,1178,959,151,64,87,49.099998,48.900002,49.200001
16,85,Idaho,Valley County,2015,10043,5223,4820,483,238,245,8443,4397,4046,8218,4275,3943,2256,1236,1020,168,75,93,49,48.700001,49.299999
16,85,Idaho,Valley County,2016,10422,5406,5016,503,257,246,8723,4525,4198,8510,4406,4104,2419,1301,1118,182,87,95,48.799999,48.5,49
16,85,Idaho,Valley County,2017,10667,5513,5154,523,267,256,8914,4625,4289,8713,4512,4201,2606,1406,1200,188,90,98,48.700001,48.599998,48.799999
16,85,Idaho,Valley County,2018,11021,5708,5313,519,268,251,9242,4809,4433,9024,4690,4334,2775,1497,1278,203,97,106,48.700001,48.700001,48.700001
16,85,Idaho,Valley County,2019,11392,5912,5480,538,279,259,9552,4959,4593,9310,4838,4472,2955,1576,1379,198,94,104,48.700001,48.5,48.900002
16,87,Idaho,Washington County,2010c,10198,5017,5181,575,277,298,8005,3920,4085,7680,3748,3932,2091,981,1110,290,95,195,43.599998,42.599998,44.900002
16,87,Idaho,Washington County,2010b,10198,5017,5181,575,277,298,8005,3920,4085,7680,3748,3932,2091,981,1110,290,95,195,43.599998,42.599998,44.900002
16,87,Idaho,Washington County,2010,10177,5013,5164,575,282,293,7990,3919,4071,7667,3749,3918,2089,986,1103,288,96,192,43.599998,42.700001,44.799999
16,87,Idaho,Washington County,2011,10136,5005,5131,552,282,270,7969,3926,4043,7658,3765,3893,2108,1009,1099,298,102,196,43.900002,43.200001,44.599998
16,87,Idaho,Washington County,2012,10030,4974,5056,519,283,236,7905,3892,4013,7586,3732,3854,2141,1017,1124,296,105,191,44.099998,43,45
16,87,Idaho,Washington County,2013,9916,4944,4972,514,292,222,7897,3905,3992,7575,3748,3827,2177,1049,1128,290,109,181,44.5,43.400002,45.599998
16,87,Idaho,Washington County,2014,9955,4956,4999,551,303,248,7906,3909,3997,7596,3753,3843,2231,1085,1146,287,119,168,44.5,43.599998,45.5
16,87,Idaho,Washington County,2015,9891,4948,4943,567,313,254,7868,3917,3951,7570,3755,3815,2292,1132,1160,285,117,168,45,43.900002,46.099998
16,87,Idaho,Washington County,2016,10032,4992,5040,591,307,284,7956,3942,4014,7664,3793,3871,2366,1152,1214,285,107,178,45,44.099998,45.900002
16,87,Idaho,Washington County,2017,10051,4986,5065,577,280,297,7999,3962,4037,7718,3823,3895,2452,1205,1247,286,109,177,45.599998,44.599998,46.5
16,87,Idaho,Washington County,2018,10115,5032,5083,578,285,293,8091,4027,4064,7793,3872,3921,2548,1271,1277,282,105,177,45.900002,44.900002,46.799999
16,87,Idaho,Washington County,2019,10194,5075,5119,574,281,293,8186,4076,4110,7888,3940,3948,2643,1319,1324,286,111,175,46.299999,45.700001,47
16,1,Idaho,Ada County,2020b,494961,249205,245756,26562,13541,13021,394764,197927,196837,380653,190662,189991,74766,34677,40089,7341,2812,4529,37.900002,37.200001,38.599998
16,1,Idaho,Ada County,2020,498278,250846,247432,26521,13514,13007,398077,199568,198509,383871,192256,191615,75896,35171,40725,7416,2839,4577,38,37.299999,38.700001
16,1,Idaho,Ada County,2021,513025,258368,254657,26506,13506,13000,412079,206718,205361,397489,199230,198259,80212,37163,43049,7550,2909,4641,38.299999,37.599998,39
16,1,Idaho,Ada County,2022,519004,261750,257254,26136,13393,12743,419512,210703,208809,404877,203264,201613,84027,38887,45140,7732,3021,4711,38.700001,38,39.5
16,1,Idaho,Ada County,2023,524673,264517,260156,25984,13366,12618,426717,214233,212484,411855,206649,205206,88036,40710,47326,8045,3190,4855,39.099998,38.299999,39.900002
16,3,Idaho,Adams County,2020b,4382,2305,2077,170,87,83,3720,1945,1775,3625,1900,1725,1311,709,602,89,38,51,54.900002,54.299999,55.400002
16,3,Idaho,Adams County,2020,4428,2328,2100,176,89,87,3758,1964,1794,3662,1917,1745,1336,722,614,91,40,51,54.700001,54.099998,55.299999
16,3,Idaho,Adams County,2021,4623,2430,2193,184,95,89,3937,2063,1874,3830,2006,1824,1416,758,658,106,52,54,54,53,54.900002
16,3,Idaho,Adams County,2022,4791,2506,2285,179,90,89,4076,2127,1949,3964,2069,1895,1498,792,706,115,59,56,53.400002,52.599998,54.200001
16,3,Idaho,Adams County,2023,4903,2566,2337,167,84,83,4182,2179,2003,4062,2116,1946,1557,817,740,115,60,55,53.200001,52.200001,54.099998
16,5,Idaho,Bannock County,2020b,87019,43595,43424,5763,2922,2841,67068,33407,33661,64466,32069,32397,12712,6055,6657,1142,428,714,34.700001,34.099998,35.400002
16,5,Idaho,Bannock County,2020,87276,43723,43553,5743,2919,2824,67344,33543,33801,64720,32197,32523,12828,6102,6726,1140,427,713,34.799999,34.200001,35.400002
16,5,Idaho,Bannock County,2021,88515,44309,44206,5607,2868,2739,68624,34142,34482,65958,32782,33176,13250,6292,6958,1107,417,690,35,34.299999,35.599998
16,5,Idaho,Bannock County,2022,89625,44857,44768,5586,2854,2732,69750,34689,35061,67027,33298,33729,13684,6488,7196,1094,403,691,35.200001,34.599998,35.799999
16,5,Idaho,Bannock County,2023,90400,45232,45168,5442,2776,2666,70696,35184,35512,67958,33781,34177,14099,6702,7397,1130,424,706,35.400002,34.799999,35.900002
16,7,Idaho,Bear Lake County,2020b,6370,3194,3176,418,234,184,4874,2430,2444,4666,2320,2346,1341,638,703,136,59,77,40,39,41.200001
16,7,Idaho,Bear Lake County,2020,6367,3193,3174,424,236,188,4868,2427,2441,4664,2320,2344,1347,643,704,138,60,78,39.900002,39,41.099998
16,7,Idaho,Bear Lake County,2021,6567,3277,3290,454,254,200,5002,2491,2511,4802,2387,2415,1369,656,713,134,52,82,39.700001,38.900002,40.599998
16,7,Idaho,Bear Lake County,2022,6730,3356,3374,441,246,195,5152,2560,2592,4939,2458,2481,1416,672,744,126,42,84,40,39.299999,40.599998
16,7,Idaho,Bear Lake County,2023,6766,3382,3384,410,227,183,5236,2598,2638,5018,2502,2516,1463,698,765,125,38,87,40.299999,39.599998,41.299999
16,9,Idaho,Benewah County,2020b,9531,4895,4636,498,260,238,7691,3922,3769,7446,3792,3654,2186,1116,1070,147,76,71,46.400002,45.700001,47.200001
16,9,Idaho,Benewah County,2020,9576,4929,4647,498,263,235,7733,3953,3780,7485,3818,3667,2209,1130,1079,144,79,65,46.400002,45.799999,47.099998
16,9,Idaho,Benewah County,2021,9895,5100,4795,511,270,241,7980,4085,3895,7730,3945,3785,2316,1171,1145,156,83,73,45.799999,45,46.700001
16,9,Idaho,Benewah County,2022,10291,5306,4985,526,271,255,8286,4254,4032,7998,4094,3904,2409,1211,1198,165,80,85,45.200001,44.5,46.099998
16,9,Idaho,Benewah County,2023,10369,5343,5026,529,280,249,8363,4291,4072,8064,4138,3926,2486,1257,1229,174,81,93,45,44.5,45.700001
16,11,Idaho,Bingham County,2020b,47983,24153,23830,3351,1695,1656,35108,17638,17470,33458,16801,16657,6931,3387,3544,681,278,403,34.400002,34.099998,34.700001
16,11,Idaho,Bingham County,2020,48097,24218,23879,3330,1676,1654,35275,17726,17549,33598,16880,16718,7000,3429,3571,683,279,404,34.5,34.200001,34.799999
16,11,Idaho,Bingham County,2021,48929,24644,24285,3338,1694,1644,36126,18138,17988,34334,17247,17087,7272,3553,3719,691,274,417,34.700001,34.299999,35
16,11,Idaho,Bingham County,2022,49973,25157,24816,3364,1707,1657,37201,18657,18544,35301,17720,17581,7602,3695,3907,693,291,402,34.799999,34.299999,35.200001
16,11,Idaho,Bingham County,2023,50395,25378,25017,3305,1695,1610,37855,19006,18849,35914,18021,17893,7906,3846,4060,712,310,402,35,34.5,35.599998
16,13,Idaho,Blaine County,2020b,24278,12219,12059,1057,511,546,20004,10010,9994,19348,9668,9680,5060,2542,2518,378,166,212,45,44.099998,46
16,13,Idaho,Blaine County,2020,24348,12254,12094,1044,507,537,20107,10064,10043,19450,9717,9733,5111,2576,2535,383,171,212,45.200001,44.200001,46.099998
16,13,Idaho,Blaine County,2021,24782,12500,12282,1005,505,500,20637,10367,10270,19966,10000,9966,5408,2739,2669,424,193,231,45.400002,44.400002,46.5
16,13,Idaho,Blaine County,2022,24901,12545,12356,975,509,466,20869,10475,10394,20200,10104,10096,5661,2863,2798,454,204,250,46.299999,45.299999,47.299999
16,13,Idaho,Blaine County,2023,25041,12568,12473,944,483,461,21158,10602,10556,20458,10242,10216,5886,2960,2926,488,224,264,46.700001,45.799999,47.5
16,15,Idaho,Boise County,2020b,7614,3965,3649,260,124,136,6625,3447,3178,6438,3350,3088,2079,1145,934,136,63,73,53.900002,54.700001,53.200001
16,15,Idaho,Boise County,2020,7664,3994,3670,262,126,136,6674,3477,3197,6493,3383,3110,2118,1167,951,141,65,76,53.900002,54.700001,53.299999
16,15,Idaho,Boise County,2021,8133,4185,3948,316,140,176,7042,3647,3395,6859,3552,3307,2270,1243,1027,143,64,79,53.099998,53.900002,52.299999
16,15,Idaho,Boise County,2022,8360,4271,4089,329,144,185,7211,3734,3477,7050,3650,3400,2381,1296,1085,154,79,75,52.900002,54,51.700001
16,15,Idaho,Boise County,2023,8517,4330,4187,336,147,189,7347,3780,3567,7188,3697,3491,2508,1352,1156,164,83,81,53.099998,54.200001,51.799999
16,17,Idaho,Bonner County,2020b,47103,23724,23379,2241,1117,1124,38985,19596,19389,37858,18995,18863,12030,6084,5946,945,378,567,48.700001,48.400002,49
16,17,Idaho,Bonner County,2020,47403,23889,23514,2239,1117,1122,39271,19749,19522,38141,19143,18998,12217,6177,6040,961,388,573,48.799999,48.5,49.099998
16,17,Idaho,Bonner County,2021,49633,25073,24560,2366,1202,1164,41116,20722,20394,39919,20078,19841,12950,6541,6409,1041,430,611,48.400002,48,48.799999
16,17,Idaho,Bonner County,2022,51407,25960,25447,2393,1230,1163,42523,21456,21067,41309,20805,20504,13472,6797,6675,1092,452,640,48.099998,47.700001,48.400002
16,17,Idaho,Bonner County,2023,52547,26441,26106,2394,1214,1180,43540,21920,21620,42293,21243,21050,14036,7014,7022,1169,491,678,47.900002,47.5,48.400002
16,19,Idaho,Bonneville County,2020b,123964,62198,61766,9889,5109,4780,90070,44913,45157,85888,42825,43063,16575,7684,8891,1662,637,1025,33,32.599998,33.5
16,19,Idaho,Bonneville County,2020,124737,62560,62177,9857,5073,4784,90717,45233,45484,86492,43116,43376,16752,7766,8986,1675,645,1030,33.099998,32.599998,33.5
16,19,Idaho,Bonneville County,2021,128064,64253,63811,9706,4968,4738,93517,46699,46818,89186,44513,44673,17322,8027,9295,1674,649,1025,33.200001,32.700001,33.599998
16,19,Idaho,Bonneville County,2022,129543,64946,64597,9394,4724,4670,95335,47647,47688,90909,45379,45530,17922,8340,9582,1689,671,1018,33.599998,33.200001,34
16,19,Idaho,Bonneville County,2023,131366,65972,65394,9330,4733,4597,97554,48816,48738,92871,46409,46462,18517,8638,9879,1731,709,1022,33.799999,33.299999,34.299999
16,21,Idaho,Boundary County,2020b,12057,6130,5927,756,406,350,9575,4806,4769,9241,4645,4596,2824,1424,1400,282,103,179,44.599998,43.700001,45.599998
16,21,Idaho,Boundary County,2020,12139,6170,5969,757,402,355,9647,4843,4804,9315,4681,4634,2854,1440,1414,286,106,180,44.599998,43.799999,45.599998
16,21,Idaho,Boundary County,2021,12620,6412,6208,751,397,354,10037,5029,5008,9701,4860,4841,2962,1485,1477,288,105,183,44.299999,43.400002,45.200001
16,21,Idaho,Boundary County,2022,13272,6772,6500,795,409,386,10486,5264,5222,10124,5079,5045,3062,1538,1524,268,101,167,43.599998,42.599998,44.599998
16,21,Idaho,Boundary County,2023,13557,6909,6648,789,404,385,10730,5385,5345,10356,5186,5170,3167,1581,1586,278,113,165,43.900002,42.799999,45.099998
16,23,Idaho,Butte County,2020b,2576,1319,1257,135,75,60,2036,1037,999,1960,1003,957,620,319,301,62,22,40,43.700001,44,43.400002
16,23,Idaho,Butte County,2020,2584,1323,1261,141,78,63,2041,1039,1002,1965,1004,961,621,318,303,62,22,40,43.5,43.700001,43.400002
16,23,Idaho,Butte County,2021,2666,1356,1310,136,70,66,2128,1084,1044,2039,1036,1003,664,340,324,69,26,43,44.700001,45.5,44.299999
16,23,Idaho,Butte County,2022,2698,1363,1335,153,77,76,2160,1089,1071,2076,1047,1029,691,355,336,68,26,42,45,45.799999,44.299999
16,23,Idaho,Butte County,2023,2758,1411,1347,163,85,78,2206,1126,1080,2126,1083,1043,722,369,353,73,27,46,44.599998,44.900002,44.200001
16,25,Idaho,Camas County,2020b,1074,555,519,40,26,14,858,447,411,829,438,391,246,135,111,22,9,13,45.900002,47.400002,44
16,25,Idaho,Camas County,2020,1084,561,523,43,27,16,864,448,416,834,439,395,244,134,110,20,8,12,45.700001,47,43.900002
16,25,Idaho,Camas County,2021,1137,598,539,48,28,20,916,481,435,885,470,415,271,150,121,19,6,13,46.700001,47.5,45.400002
16,25,Idaho,Camas County,2022,1169,611,558,50,25,25,947,499,448,912,482,430,288,162,126,21,6,15,46.5,47.700001,45.200001
16,25,Idaho,Camas County,2023,1232,650,582,64,28,36,1000,531,469,960,511,449,316,177,139,24,8,16,46.599998,47.5,45.900002
16,27,Idaho,Canyon County,2020b,231102,115152,115950,16006,8303,7703,174331,86001,88330,166943,82239,84704,32670,15245,17425,2997,1154,1843,34.599998,33.799999,35.299999
16,27,Idaho,Canyon County,2020,233013,116157,116856,16060,8355,7705,176110,86900,89210,168632,83087,85545,33174,15486,17688,3031,1175,1856,34.599998,33.900002,35.400002
16,27,Idaho,Canyon County,2021,243710,121575,122135,16475,8570,7905,185298,91591,93707,177537,87590,89947,34923,16254,18669,3059,1172,1887,34.700001,34,35.400002
16,27,Idaho,Canyon County,2022,250892,125101,125791,16750,8695,8055,191819,94841,96978,183919,90784,93135,36445,16964,19481,3017,1151,1866,35,34.200001,35.700001
16,27,Idaho,Canyon County,2023,257674,128686,128988,17075,8795,8280,198147,98279,99868,189929,94020,95909,37917,17594,20323,3087,1207,1880,35.200001,34.5,35.900002
16,29,Idaho,Caribou County,2020b,7027,3586,3441,479,249,230,5262,2697,2565,5020,2574,2446,1227,574,653,142,54,88,37.700001,37.400002,38.200001
16,29,Idaho,Caribou County,2020,7013,3573,3440,468,240,228,5265,2699,2566,5026,2578,2448,1232,576,656,143,54,89,37.799999,37.599998,38.200001
16,29,Idaho,Caribou County,2021,7109,3604,3505,470,227,243,5349,2738,2611,5115,2615,2500,1283,608,675,144,49,95,37.799999,37.700001,38
16,29,Idaho,Caribou County,2022,7200,3652,3548,478,222,256,5452,2795,2657,5208,2668,2540,1312,622,690,137,40,97,38,38.099998,37.799999
16,29,Idaho,Caribou County,2023,7219,3687,3532,455,223,232,5490,2815,2675,5232,2689,2543,1330,627,703,136,35,101,38.200001,37.799999,38.700001
16,31,Idaho,Cassia County,2020b,24692,12674,12018,1965,998,967,17820,9126,8694,16895,8646,8249,3457,1637,1820,389,141,248,32.5,31.6,33.299999
16,31,Idaho,Cassia County,2020,24760,12715,12045,1970,1006,964,17907,9166,8741,16985,8686,8299,3493,1650,1843,391,143,248,32.5,31.6,33.5
16,31,Idaho,Cassia County,2021,25244,12986,12258,2019,1029,990,18309,9393,8916,17377,8900,8477,3617,1707,1910,394,148,246,32.5,31.700001,33.299999
16,31,Idaho,Cassia County,2022,25644,13207,12437,2025,1048,977,18646,9591,9055,17657,9064,8593,3713,1771,1942,381,145,236,32.700001,32,33.599998
16,31,Idaho,Cassia County,2023,25696,13261,12435,2000,1055,945,18837,9699,9138,17834,9183,8651,3816,1834,1982,382,150,232,32.900002,32.400002,33.700001
16,33,Idaho,Clark County,2020b,789,410,379,50,23,27,634,332,302,614,329,285,160,80,80,21,11,10,39.799999,41.799999,38.599998
16,33,Idaho,Clark County,2020,792,408,384,52,23,29,634,331,303,616,327,289,162,79,83,21,11,10,40.200001,42,39
16,33,Idaho,Clark County,2021,793,414,379,58,30,28,630,332,298,613,325,288,168,87,81,24,13,11,40.299999,41.5,39.299999
16,33,Idaho,Clark County,2022,810,425,385,64,34,30,636,335,301,616,328,288,167,93,74,23,13,10,39.5,40.599998,38.299999
16,33,Idaho,Clark County,2023,801,425,376,64,34,30,625,332,293,612,328,284,176,101,75,27,15,12,40.400002,41.299999,39.200001
16,35,Idaho,Clearwater County,2020b,8728,4846,3882,319,171,148,7599,4225,3374,7430,4138,3292,2466,1306,1160,268,115,153,51.599998,49.700001,54
16,35,Idaho,Clearwater County,2020,8750,4852,3898,324,170,154,7618,4232,3386,7447,4144,3303,2475,1314,1161,272,119,153,51.599998,49.599998,53.900002
16,35,Idaho,Clearwater County,2021,8925,4972,3953,337,179,158,7764,4325,3439,7591,4222,3369,2545,1364,1181,287,131,156,51.599998,49,54.299999
16,35,Idaho,Clearwater County,2022,9035,5013,4022,326,169,157,7839,4362,3477,7653,4247,3406,2619,1402,1217,287,131,156,51.799999,49.5,54.299999
16,35,Idaho,Clearwater County,2023,9214,5099,4115,335,183,152,7993,4430,3563,7803,4319,3484,2666,1415,1251,301,131,170,51.599998,48.900002,54.299999
16,37,Idaho,Custer County,2020b,4279,2240,2039,186,98,88,3649,1916,1733,3552,1868,1684,1306,696,610,130,52,78,53.400002,53.5,53.299999
16,37,Idaho,Custer County,2020,4271,2242,2029,184,98,86,3643,1918,1725,3549,1870,1679,1318,703,615,130,53,77,53.599998,53.700001,53.5
16,37,Idaho,Custer County,2021,4446,2322,2124,171,93,78,3793,1985,1808,3706,1938,1768,1368,731,637,126,51,75,53,53,53
16,37,Idaho,Custer County,2022,4518,2370,2148,163,89,74,3840,2013,1827,3748,1962,1786,1391,738,653,122,44,78,52.299999,52,52.5
16,37,Idaho,Custer County,2023,4523,2372,2151,160,82,78,3868,2034,1834,3769,1979,1790,1439,768,671,121,41,80,52.400002,52,52.799999
16,39,Idaho,Elmore County,2020b,28665,15088,13577,2189,1103,1086,22193,11776,10417,21493,11415,10078,3976,1918,2058,361,134,227,32.5,31.5,33.700001
16,39,Idaho,Elmore County,2020,28669,15111,13558,2145,1084,1061,22258,11825,10433,21553,11464,10089,4016,1947,2069,370,143,227,32.599998,31.6,33.799999
16,39,Idaho,Elmore County,2021,28978,15319,13659,2092,1042,1050,22615,12058,10557,21890,11692,10198,4175,2023,2152,405,164,241,33.099998,32,34.299999
16,39,Idaho,Elmore County,2022,29391,15500,13891,2090,1040,1050,22965,12238,10727,22252,11856,10396,4366,2131,2235,419,174,245,33.400002,32.599998,34.400002
16,39,Idaho,Elmore County,2023,29724,15652,14072,2133,1070,1063,23251,12380,10871,22520,11977,10543,4526,2200,2326,430,185,245,33.5,32.799999,34.299999
16,41,Idaho,Franklin County,2020b,14194,7300,6894,1039,548,491,10298,5259,5039,9721,4950,4771,2007,977,1030,228,96,132,33.900002,32.799999,35
16,41,Idaho,Franklin County,2020,14282,7346,6936,1046,551,495,10380,5302,5078,9799,4990,4809,2032,989,1043,229,97,132,33.900002,32.799999,35.099998
16,41,Idaho,Franklin County,2021,14670,7580,7090,1087,569,518,10750,5514,5236,10142,5182,4960,2136,1051,1085,229,103,126,34,32.700001,35.400002
16,41,Idaho,Franklin County,2022,15170,7846,7324,1152,631,521,11149,5706,5443,10535,5384,5151,2212,1090,1122,227,105,122,33.799999,32.599998,35.200001
16,41,Idaho,Franklin County,2023,15494,7982,7512,1149,641,508,11435,5830,5605,10847,5520,5327,2290,1130,1160,246,122,124,34.099998,33,35.400002
16,43,Idaho,Fremont County,2020b,13387,7051,6336,820,422,398,10555,5600,4955,10115,5370,4745,2333,1194,1139,204,100,104,39.099998,39.200001,39
16,43,Idaho,Fremont County,2020,13419,7053,6366,817,418,399,10593,5605,4988,10147,5372,4775,2353,1202,1151,206,101,105,39.200001,39.299999,39.200001
16,43,Idaho,Fremont County,2021,13591,7136,6455,811,418,393,10801,5708,5093,10355,5476,4879,2423,1230,1193,193,93,100,39.400002,39.599998,39.200001
16,43,Idaho,Fremont County,2022,14017,7425,6592,859,443,416,11132,5937,5195,10679,5690,4989,2512,1282,1230,191,96,95,39.5,39.599998,39.299999
16,43,Idaho,Fremont County,2023,14196,7507,6689,868,443,425,11304,6031,5273,10850,5788,5062,2591,1316,1275,194,99,95,39.299999,39.5,39.099998
16,45,Idaho,Gem County,2020b,19122,9670,9452,1063,557,506,15267,7636,7631,14707,7321,7386,4249,2102,2147,427,186,241,43.599998,42.5,44.5
16,45,Idaho,Gem County,2020,19272,9739,9533,1080,562,518,15376,7688,7688,14825,7379,7446,4300,2119,2181,425,183,242,43.599998,42.5,44.5
16,45,Idaho,Gem County,2021,19802,10021,9781,1056,534,522,15905,7981,7924,15374,7692,7682,4477,2206,2271,440,199,241,43.799999,42.599998,44.799999
16,45,Idaho,Gem County,2022,20454,10390,10064,1064,543,521,16512,8313,8199,15931,8003,7928,4678,2315,2363,435,199,236,43.900002,42.799999,44.900002
16,45,Idaho,Gem County,2023,21071,10751,10320,1086,561,525,17067,8625,8442,16445,8287,8158,4879,2404,2475,462,207,255,43.900002,42.599998,45.200001
16,47,Idaho,Gooding County,2020b,15601,8008,7593,1038,539,499,11815,6086,5729,11333,5836,5497,2778,1382,1396,336,150,186,37.5,37.5,37.400002
16,47,Idaho,Gooding County,2020,15649,8039,7610,1019,531,488,11868,6117,5751,11366,5859,5507,2789,1389,1400,328,145,183,37.400002,37.400002,37.400002
16,47,Idaho,Gooding County,2021,15793,8085,7708,987,509,478,12102,6222,5880,11564,5952,5612,2881,1437,1444,319,147,172,37.799999,38.099998,37.700001
16,47,Idaho,Gooding County,2022,15879,8128,7751,946,490,456,12265,6306,5959,11720,6015,5705,2965,1481,1484,307,141,166,38.200001,38.200001,38.200001
16,47,Idaho,Gooding County,2023,16061,8222,7839,1023,530,493,12432,6397,6035,11928,6121,5807,3027,1527,1500,307,141,166,38.299999,38.299999,38.299999
16,49,Idaho,Idaho County,2020b,16547,8735,7812,791,414,377,13675,7244,6431,13286,7041,6245,4655,2470,2185,446,206,240,49.700001,48.200001,51.200001
16,49,Idaho,Idaho County,2020,16594,8759,7835,783,409,374,13721,7269,6452,13334,7068,6266,4700,2502,2198,451,207,244,49.799999,48.400002,51.200001
16,49,Idaho,Idaho County,2021,17059,8998,8061,811,432,379,14095,7454,6641,13702,7253,6449,4876,2581,2295,463,222,241,49.599998,48.200001,51.200001
16,49,Idaho,Idaho County,2022,17637,9286,8351,864,460,404,14555,7676,6879,14133,7455,6678,5091,2680,2411,483,243,240,49.200001,47.700001,50.900002
16,49,Idaho,Idaho County,2023,17890,9418,8472,888,466,422,14714,7756,6958,14280,7522,6758,5285,2758,2527,495,253,242,49.099998,47.5,50.700001
16,51,Idaho,Jefferson County,2020b,30890,15843,15047,2404,1242,1162,21705,11138,10567,20545,10547,9998,3680,1818,1862,316,134,182,32.200001,32.200001,32.299999
16,51,Idaho,Jefferson County,2020,31080,15944,15136,2412,1241,1171,21889,11242,10647,20712,10646,10066,3732,1847,1885,312,132,180,32.299999,32.299999,32.299999
16,51,Idaho,Jefferson County,2021,32201,16501,15700,2407,1226,1181,22815,11688,11127,21554,11053,10501,3922,1936,1986,324,131,193,32.5,32.5,32.599998
16,51,Idaho,Jefferson County,2022,33336,17133,16203,2409,1279,1130,23817,12210,11607,22481,11535,10946,4121,2027,2094,313,128,185,32.799999,32.599998,33
16,51,Idaho,Jefferson County,2023,34198,17586,16612,2392,1247,1145,24729,12686,12043,23316,11961,11355,4307,2129,2178,341,140,201,33.200001,33,33.299999
16,53,Idaho,Jerome County,2020b,24242,12543,11699,1850,985,865,17696,9220,8476,16874,8795,8079,3202,1563,1639,297,126,171,33.700001,33.799999,33.5
16,53,Idaho,Jerome County,2020,24270,12570,11700,1837,982,855,17753,9258,8495,16927,8833,8094,3226,1579,1647,293,123,170,33.799999,34,33.5
16,53,Idaho,Jerome County,2021,24738,12766,11972,1804,977,827,18216,9474,8742,17364,9025,8339,3331,1620,1711,289,114,175,34,34.200001,33.799999
16,53,Idaho,Jerome County,2022,25244,12998,12246,1841,994,847,18658,9666,8992,17733,9183,8550,3416,1647,1769,281,107,174,34.099998,34.400002,33.599998
16,53,Idaho,Jerome County,2023,25479,13063,12416,1839,955,884,18921,9772,9149,17979,9289,8690,3577,1716,1861,292,107,185,34.400002,34.799999,33.900002
16,55,Idaho,Kootenai County,2020b,171363,85279,86084,9821,5103,4718,136913,67428,69485,132290,65055,67235,32983,15415,17568,2966,1101,1865,40.700001,39.599998,41.799999
16,55,Idaho,Kootenai County,2020,172785,85985,86800,9841,5114,4727,138185,68067,70118,133527,65674,67853,33458,15642,17816,2984,1115,1869,40.700001,39.599998,41.799999
16,55,Idaho,Kootenai County,2021,180058,89660,90398,10012,5257,4755,144177,71085,73092,139420,68618,70802,35149,16404,18745,2970,1112,1858,40.599998,39.599998,41.700001
16,55,Idaho,Kootenai County,2022,183290,91391,91899,9921,5157,4764,147070,72710,74360,142285,70187,72098,36459,16949,19510,2990,1141,1849,40.900002,39.799999,42
16,55,Idaho,Kootenai County,2023,185010,92269,92741,9800,5031,4769,149003,73766,75237,144057,71152,72905,37783,17528,20255,3101,1222,1879,41.200001,40.099998,42.299999
16,57,Idaho,Latah County,2020b,39523,20160,19363,2025,1020,1005,32963,16845,16118,32171,16448,15723,5602,2724,2878,604,223,381,30.4,29.700001,31.299999
16,57,Idaho,Latah County,2020,39638,20223,19415,2032,1024,1008,33056,16898,16158,32266,16502,15764,5648,2747,2901,605,224,381,30.5,29.799999,31.299999
16,57,Idaho,Latah County,2021,40400,20628,19772,2044,1064,980,33563,17141,16422,32754,16733,16021,5881,2869,3012,626,245,381,30.799999,30.1,31.6
16,57,Idaho,Latah County,2022,40924,20856,20068,2109,1127,982,33904,17284,16620,33047,16834,16213,6093,2959,3134,634,264,370,31,30.299999,31.799999
16,57,Idaho,Latah County,2023,41301,21136,20165,2137,1123,1014,34215,17539,16676,33280,17034,16246,6248,3024,3224,621,276,345,31.1,30.1,31.9
16,59,Idaho,Lemhi County,2020b,7979,4067,3912,393,207,186,6670,3371,3299,6495,3272,3223,2435,1250,1185,243,111,132,52.200001,51.599998,52.700001
16,59,Idaho,Lemhi County,2020,7962,4048,3914,378,196,182,6669,3366,3303,6500,3271,3229,2455,1260,1195,242,111,131,52.299999,51.799999,52.799999
16,59,Idaho,Lemhi County,2021,8160,4167,3993,355,188,167,6871,3488,3383,6692,3387,3305,2516,1288,1228,227,105,122,52.099998,51.400002,52.799999
16,59,Idaho,Lemhi County,2022,8284,4245,4039,347,198,149,6985,3552,3433,6791,3444,3347,2605,1327,1278,219,99,120,52.099998,51.200001,52.900002
16,59,Idaho,Lemhi County,2023,8441,4352,4089,360,205,155,7115,3631,3484,6904,3516,3388,2655,1358,1297,213,96,117,51.400002,50.400002,52.5
16,61,Idaho,Lewis County,2020b,3526,1788,1738,164,88,76,2867,1444,1423,2756,1389,1367,972,502,470,88,39,49,49.400002,49.400002,49.299999
16,61,Idaho,Lewis County,2020,3527,1785,1742,170,96,74,2865,1434,1431,2755,1382,1373,983,507,476,90,40,50,49.400002,49.299999,49.400002
16,61,Idaho,Lewis County,2021,3690,1867,1823,176,90,86,2988,1486,1502,2870,1433,1437,1023,516,507,99,42,57,47.700001,47.099998,48.299999
16,61,Idaho,Lewis County,2022,3725,1892,1833,194,93,101,3023,1519,1504,2912,1466,1446,1054,533,521,100,46,54,47.900002,47.400002,48.599998
16,61,Idaho,Lewis County,2023,3739,1895,1844,187,87,100,3047,1531,1516,2946,1485,1461,1086,551,535,104,48,56,47.700001,47.099998,48.400002
16,63,Idaho,Lincoln County,2020b,5127,2669,2458,318,176,142,3926,2037,1889,3728,1930,1798,752,380,372,72,35,37,36.900002,37.700001,36
16,63,Idaho,Lincoln County,2020,5134,2676,2458,315,174,141,3941,2045,1896,3748,1940,1808,772,388,384,75,37,38,37.099998,37.900002,36.299999
16,63,Idaho,Lincoln County,2021,5285,2767,2518,326,177,149,4074,2133,1941,3896,2037,1859,794,403,391,73,37,36,36.799999,37.599998,36.200001
16,63,Idaho,Lincoln County,2022,5385,2800,2585,334,166,168,4147,2164,1983,3974,2076,1898,811,415,396,72,40,32,36.400002,37.099998,35.900002
16,63,Idaho,Lincoln County,2023,5450,2827,2623,339,172,167,4235,2222,2013,4062,2131,1931,841,429,412,66,40,26,36.900002,37.900002,36
16,65,Idaho,Madison County,2020b,52913,23759,29154,3726,1963,1763,43528,18896,24632,42152,18233,23919,2869,1351,1518,302,123,179,20.799999,22.799999,19.9
16,65,Idaho,Madison County,2020,52928,23783,29145,3704,1946,1758,43585,18935,24650,42214,18275,23939,2900,1364,1536,303,124,179,20.9,22.700001,19.9
16,65,Idaho,Madison County,2021,54092,24395,29697,3798,2037,1761,44551,19384,25167,43180,18733,24447,2999,1420,1579,292,110,182,20.9,22.700001,19.9
16,65,Idaho,Madison County,2022,54958,24977,29981,3957,2164,1793,45209,19787,25422,43755,19090,24665,3078,1462,1616,262,98,164,21,22.700001,19.9
16,65,Idaho,Madison County,2023,54547,24801,29746,3917,2136,1781,44813,19579,25234,43341,18895,24446,3089,1476,1613,243,95,148,20.9,22.700001,19.9
16,67,Idaho,Minidoka County,2020b,21582,10883,10699,1612,803,809,15914,8031,7883,15285,7698,7587,3376,1604,1772,392,151,241,34.599998,34.599998,34.700001
16,67,Idaho,Minidoka County,2020,21668,10932,10736,1596,797,799,16011,8083,7928,15357,7739,7618,3400,1615,1785,398,152,246,34.599998,34.599998,34.700001
16,67,Idaho,Minidoka County,2021,21944,11102,10842,1547,796,751,16346,8255,8091,15620,7878,7742,3475,1650,1825,403,154,249,34.799999,34.599998,35
16,67,Idaho,Minidoka County,2022,22208,11251,10957,1532,780,752,16596,8398,8198,15848,8011,7837,3557,1694,1863,396,150,246,34.799999,34.599998,35
16,67,Idaho,Minidoka County,2023,22480,11355,11125,1544,782,762,16885,8546,8339,16145,8152,7993,3674,1764,1910,389,155,234,35.099998,35.099998,35.099998
16,69,Idaho,Nez Perce County,2020b,42091,20865,21226,2364,1199,1165,34120,16808,17312,33070,16248,16822,8535,3962,4573,1123,437,686,41,40,42.099998
16,69,Idaho,Nez Perce County,2020,42145,20899,21246,2360,1198,1162,34172,16850,17322,33116,16282,16834,8582,3996,4586,1114,443,671,41.099998,40.099998,42.099998
16,69,Idaho,Nez Perce County,2021,42500,21024,21476,2294,1142,1152,34592,17058,17534,33513,16476,17037,8830,4121,4709,1096,444,652,41.299999,40.400002,42.200001
16,69,Idaho,Nez Perce County,2022,42909,21300,21609,2242,1129,1113,34896,17258,17638,33821,16678,17143,9070,4260,4810,1094,447,647,41.5,40.400002,42.400002
16,69,Idaho,Nez Perce County,2023,42987,21334,21653,2154,1077,1077,35077,17371,17706,33960,16770,17190,9281,4387,4894,1116,462,654,41.700001,40.799999,42.599998
16,71,Idaho,Oneida County,2020b,4566,2308,2258,304,143,161,3442,1747,1695,3292,1663,1629,899,451,448,108,40,68,39.799999,39.700001,39.900002
16,71,Idaho,Oneida County,2020,4566,2305,2261,295,138,157,3460,1754,1706,3310,1670,1640,910,458,452,108,40,68,40.099998,40,40.099998
16,71,Idaho,Oneida County,2021,4605,2324,2281,298,143,155,3510,1778,1732,3357,1696,1661,948,474,474,105,40,65,40.299999,40.299999,40.299999
16,71,Idaho,Oneida County,2022,4740,2391,2349,294,141,153,3596,1821,1775,3434,1740,1694,966,481,485,99,42,57,39.799999,39.799999,39.900002
16,71,Idaho,Oneida County,2023,4953,2478,2475,309,141,168,3757,1892,1865,3589,1805,1784,991,496,495,101,43,58,39.099998,39.099998,39.200001
16,73,Idaho,Owyhee County,2020b,11915,6081,5834,750,371,379,9281,4755,4526,8901,4554,4347,2157,1087,1070,212,101,111,39.400002,39.200001,39.599998
16,73,Idaho,Owyhee County,2020,11996,6121,5875,750,374,376,9349,4785,4564,8972,4589,4383,2176,1097,1079,215,103,112,39.400002,39.200001,39.5
16,73,Idaho,Owyhee County,2021,12356,6290,6066,763,381,382,9630,4904,4726,9261,4734,4527,2241,1141,1100,215,103,112,39,39,39.099998
16,73,Idaho,Owyhee County,2022,12645,6500,6145,777,411,366,9885,5046,4839,9493,4870,4623,2346,1189,1157,217,109,108,39.099998,38.799999,39.400002
16,73,Idaho,Owyhee County,2023,12722,6523,6199,748,407,341,10038,5099,4939,9638,4909,4729,2432,1220,1212,229,112,117,39.599998,39.099998,40
16,75,Idaho,Payette County,2020b,25389,12771,12618,1666,848,818,19557,9730,9827,18803,9340,9463,4775,2316,2459,438,199,239,39.400002,38.400002,40.299999
16,75,Idaho,Payette County,2020,25590,12866,12724,1680,848,832,19735,9817,9918,18976,9427,9549,4844,2350,2494,451,204,247,39.5,38.400002,40.400002
16,75,Idaho,Payette County,2021,26386,13326,13060,1708,864,844,20390,10193,10197,19615,9776,9839,5045,2446,2599,467,215,252,39.5,38.200001,40.599998
16,75,Idaho,Payette County,2022,26929,13602,13327,1708,874,834,20942,10492,10450,20132,10051,10081,5243,2537,2706,444,215,229,39.5,38.299999,40.799999
16,75,Idaho,Payette County,2023,27279,13767,13512,1669,865,804,21308,10699,10609,20474,10250,10224,5419,2631,2788,448,224,224,39.599998,38.700001,40.799999
16,77,Idaho,Power County,2020b,7876,3997,3879,603,286,317,5710,2906,2804,5458,2786,2672,1306,639,667,131,54,77,34.200001,33.900002,34.5
16,77,Idaho,Power County,2020,7879,3998,3881,592,279,313,5721,2914,2807,5471,2792,2679,1320,645,675,133,56,77,34.400002,34.099998,34.700001
16,77,Idaho,Power County,2021,7975,4052,3923,590,281,309,5818,2986,2832,5550,2849,2701,1342,659,683,124,55,69,34.5,34.400002,34.700001
16,77,Idaho,Power County,2022,8136,4147,3989,582,288,294,5958,3068,2890,5675,2919,2756,1369,678,691,126,59,67,34.299999,34.099998,34.5
16,77,Idaho,Power County,2023,8253,4235,4018,583,293,290,6075,3164,2911,5792,3013,2779,1411,707,704,128,59,69,34.400002,34.400002,34.400002
16,79,Idaho,Shoshone County,2020b,13168,6674,6494,784,410,374,10774,5435,5339,10476,5281,5195,3119,1524,1595,291,87,204,46.599998,45.5,47.700001
16,79,Idaho,Shoshone County,2020,13199,6703,6496,779,410,369,10804,5458,5346,10504,5299,5205,3151,1536,1615,296,90,206,46.599998,45.400002,47.900002
16,79,Idaho,Shoshone County,2021,13615,6925,6690,788,415,373,11087,5618,5469,10762,5442,5320,3180,1544,1636,287,89,198,45.400002,44.200001,46.5
16,79,Idaho,Shoshone County,2022,13935,7064,6871,788,404,384,11330,5722,5608,10988,5554,5434,3255,1579,1676,280,87,193,44.599998,43.700001,45.700001
16,79,Idaho,Shoshone County,2023,14026,7110,6916,781,402,379,11405,5745,5660,11081,5591,5490,3287,1589,1698,293,96,197,44.299999,43.599998,45.200001
16,81,Idaho,Teton County,2020b,11631,6097,5534,647,319,328,9136,4822,4314,8853,4667,4186,1478,773,705,101,46,55,39.299999,39.599998,39
16,81,Idaho,Teton County,2020,11735,6144,5591,645,316,329,9239,4872,4367,8949,4713,4236,1509,790,719,103,48,55,39.400002,39.700001,39.099998
16,81,Idaho,Teton County,2021,12273,6386,5887,617,286,331,9788,5152,4636,9466,4977,4489,1663,867,796,111,52,59,40,40.400002,39.599998
16,81,Idaho,Teton County,2022,12519,6546,5973,625,294,331,10085,5329,4756,9760,5145,4615,1770,923,847,108,51,57,40.599998,40.799999,40.400002
16,81,Idaho,Teton County,2023,12549,6540,6009,602,297,305,10230,5364,4866,9883,5178,4705,1898,979,919,117,51,66,41.400002,41.299999,41.400002
16,83,Idaho,Twin Falls County,2020b,90049,44626,45423,6129,3101,3028,68234,33585,34649,65600,32266,33334,14335,6556,7779,1620,560,1060,35.599998,35.299999,35.900002
16,83,Idaho,Twin Falls County,2020,90372,44794,45578,6113,3100,3013,68601,33772,34829,65930,32440,33490,14473,6626,7847,1636,565,1071,35.599998,35.400002,36
16,83,Idaho,Twin Falls County,2021,92394,45789,46605,6040,3083,2957,70534,34651,35883,67707,33248,34459,15047,6890,8157,1636,567,1069,36,35.700001,36.400002
16,83,Idaho,Twin Falls County,2022,93821,46439,47382,6043,3108,2935,71991,35312,36679,69080,33866,35214,15561,7149,8412,1637,569,1068,36.400002,36,36.799999
16,83,Idaho,Twin Falls County,2023,95156,47192,47964,5885,3045,2840,73540,36147,37393,70457,34574,35883,16023,7352,8671,1678,592,1086,36.700001,36.099998,37.200001
16,85,Idaho,Valley County,2020b,11744,6110,5634,508,258,250,9873,5149,4724,9617,5020,4597,3055,1637,1418,204,105,99,48.599998,48.599998,48.599998
16,85,Idaho,Valley County,2020,11842,6150,5692,506,256,250,9974,5192,4782,9714,5062,4652,3109,1664,1445,209,107,102,48.700001,48.700001,48.700001
16,85,Idaho,Valley County,2021,12256,6338,5918,486,235,251,10369,5377,4992,10114,5250,4864,3269,1753,1516,212,107,105,49.200001,49.299999,48.900002
16,85,Idaho,Valley County,2022,12450,6444,6006,489,228,261,10494,5462,5032,10238,5330,4908,3383,1834,1549,221,111,110,49.099998,49.599998,48.599998
16,85,Idaho,Valley County,2023,12644,6560,6084,464,216,248,10686,5577,5109,10405,5413,4992,3536,1897,1639,220,107,113,49.099998,49.400002,48.799999
16,87,Idaho,Washington County,2020b,10498,5240,5258,555,281,274,8429,4197,4232,8104,4048,4056,2695,1348,1347,271,111,160,46.099998,45.599998,46.599998
16,87,Idaho,Washington County,2020,10558,5269,5289,554,276,278,8483,4227,4256,8155,4075,4080,2721,1366,1355,269,113,156,46.099998,45.599998,46.599998
16,87,Idaho,Washington County,2021,10900,5452,5448,561,283,278,8781,4386,4395,8434,4225,4209,2800,1416,1384,270,121,149,45.599998,45.099998,46.099998
16,87,Idaho,Washington County,2022,11147,5572,5575,563,290,273,9016,4483,4533,8667,4333,4334,2867,1444,1423,269,126,143,45.099998,44.599998,45.599998
16,87,Idaho,Washington County,2023,11425,5675,5750,580,285,295,9228,4545,4683,8903,4396,4507,2951,1472,1479,294,142,152,44.900002,44.099998,45.700001
